0 0.000242 0.016491 100.000000 4.807693
0 0.000254 0.037531 200.000000 6.024096
0 0.000167 0.040932 300.000000 6.726458
0 0.000151 0.044824 400.000000 7.782101
0 0.000156 0.050601 500.000000 8.210180
0 0.000140 0.054982 600.000000 8.810573
0 0.000135 0.057691 700.000000 9.210526
10 0.000219 0.013846 100.000000 4.926108
10 0.000231 0.035179 200.000000 6.097561
10 0.000154 0.037946 300.000000 6.849315
10 0.000143 0.041344 400.000000 7.905138
10 0.000150 0.047193 500.000000 8.305648
10 0.000132 0.051344 600.000000 8.915304
10 0.000130 0.054233 700.000000 9.259259
20 0.000195 0.020588 100.000000 5.076142
20 0.000209 0.037022 200.000000 6.172840
20 0.000154 0.039927 300.000000 6.976744
20 0.000145 0.043453 400.000000 8.016032
20 0.000156 0.049382 500.000000 8.403361
20 0.000131 0.053485 600.000000 9.022556
20 0.000133 0.056382 700.000000 9.320906
30 0.000186 0.019772 100.000000 5.263158
30 0.000198 0.037191 200.000000 6.269592
30 0.000155 0.040057 300.000000 7.109005
30 0.000144 0.043376 400.000000 8.146640
30 0.000156 0.049177 500.000000 8.517887
30 0.000129 0.053071 600.000000 9.132421
30 0.000135 0.056129 700.000000 9.358289
40 0.000165 0.019939 100.000000 5.434783
40 0.000200 0.037402 200.000000 6.389776
40 0.000157 0.040586 300.000000 7.246377
40 0.000145 0.043886 400.000000 8.281573
40 0.000159 0.049735 500.000000 8.635578
40 0.000127 0.053565 600.000000 9.244992
40 0.000137 0.056473 700.000000 9.259259
50 0.000154 0.019399 100.000000 5.617978
50 0.000192 0.037343 200.000000 6.472492
50 0.000157 0.040275 300.000000 7.371007
50 0.000145 0.043447 400.000000 8.403361
50 0.000160 0.049389 500.000000 8.741259
50 0.000123 0.052927 600.000000 9.360374
60 0.000277 0.021656 100.000000 5.747127
60 0.000199 0.038268 200.000000 6.535948
60 0.000162 0.040600 300.000000 7.500000
60 0.000148 0.043880 400.000000 8.510638
60 0.000164 0.050108 500.000000 8.833922
60 0.000124 0.053093 600.000000 9.448819
70 0.000177 0.012822 100.000000 5.847953
70 0.000201 0.040028 200.000000 6.578948
70 0.000167 0.042402 300.000000 7.614213
70 0.000152 0.045512 400.000000 8.602151
70 0.000170 0.051866 500.000000 8.912656
70 0.000123 0.054547 600.000000 9.538951
80 0.000261 0.014557 100.000000 5.988024
80 0.000213 0.043926 200.000000 6.644518
80 0.000175 0.045612 300.000000 7.731959
80 0.000158 0.048602 400.000000 8.695652
80 0.000175 0.054927 500.000000 9.009009
80 0.000127 0.056750 600.000000 9.630818
90 0.000269 0.011952 100.000000 6.134969
90 0.000199 0.043229 200.000000 6.711410
90 0.000170 0.044155 300.000000 7.874016
90 0.000153 0.047296 400.000000 8.791209
90 0.000171 0.053511 500.000000 9.107468
90 0.000124 0.055167 600.000000 9.724473
100 0.000253 0.013979 100.000000 6.289308
100 0.000171 0.044108 200.000000 6.802721
100 0.000162 0.043845 300.000000 8.000000
100 0.000152 0.046862 400.000000 8.888889
100 0.000166 0.052916 500.000000 9.225092
100 0.000120 0.054520 600.000000 9.819967
110 0.000323 0.022173 100.000000 6.493506
110 0.000209 0.045981 200.000000 6.920415
110 0.000170 0.046036 300.000000 8.152174
110 0.000159 0.049073 400.000000 8.988764
110 0.000165 0.054999 500.000000 9.328359
110 0.000131 0.055779 600.000000 9.933775
120 0.000366 0.030824 100.000000 6.711410
120 0.000211 0.046415 200.000000 7.042253
120 0.000170 0.045925 300.000000 8.310249
120 0.000162 0.048957 400.000000 9.090909
120 0.000171 0.054614 500.000000 9.451796
120 0.000127 0.055970 600.000000 10.033444
130 0.000399 0.032652 100.000000 6.944445
130 0.000188 0.044699 200.000000 7.168459
130 0.000157 0.043669 300.000000 8.474576
130 0.000153 0.046858 400.000000 9.216590
130 0.000165 0.052356 500.000000 9.578544
130 0.000120 0.053424 600.000000 10.152285
140 0.000520 0.036241 100.000000 7.246377
140 0.000185 0.044523 200.000000 7.326007
140 0.000153 0.043151 300.000000 8.645534
140 0.000150 0.046299 400.000000 9.345795
140 0.000160 0.051797 500.000000 9.708738
140 0.000116 0.052571 600.000000 10.291595
150 0.000431 0.038474 100.000000 7.575758
150 0.000185 0.044715 200.000000 7.518797
150 0.000155 0.043373 300.000000 8.849558
150 0.000151 0.046642 400.000000 9.478673
150 0.000160 0.051837 500.000000 9.861933
150 0.000116 0.052630 600.000000 10.416667
160 0.000742 0.044125 100.000000 7.874016
160 0.000188 0.044936 200.000000 7.692307
160 0.000155 0.043265 300.000000 9.036144
160 0.000151 0.046378 400.000000 9.615385
160 0.000159 0.051243 500.000000 10.000000
160 0.000115 0.051885 600.000000 10.544815
170 0.000777 0.047360 100.000000 8.130081
170 0.000181 0.043018 200.000000 7.874016
170 0.000152 0.041043 300.000000 9.230769
170 0.000149 0.044293 400.000000 9.708738
170 0.000156 0.048761 500.000000 10.141988
170 0.000110 0.049487 600.000000 10.657193
180 0.000563 0.049598 100.000000 8.333333
180 0.000135 0.044597 200.000000 8.000000
180 0.000111 0.041766 300.000000 9.404388
180 0.000148 0.044027 400.000000 9.803922
180 0.000151 0.048216 500.000000 10.266940
180 0.000118 0.049282 600.000000 10.752688
190 0.000442 0.057190 100.000000 8.264462
190 0.000195 0.047953 200.000000 8.130081
190 0.000164 0.046537 300.000000 9.554140
190 0.000169 0.049306 400.000000 9.852217
190 0.000155 0.053402 500.000000 10.373444
190 0.000137 0.054682 600.000000 10.830325
200 0.000356 0.063193 100.000000 8.130081
200 0.000202 0.050324 200.000000 8.264462
200 0.000172 0.048632 300.000000 9.677420
200 0.000166 0.052638 400.000000 9.900990
200 0.000150 0.055498 500.000000 10.482181
200 0.000145 0.057106 600.000000 10.830325
210 0.000290 0.064055 100.000000 7.874016
210 0.000191 0.049782 200.000000 8.403361
210 0.000164 0.047678 300.000000 9.803922
210 0.000172 0.051436 400.000000 9.975062
210 0.000142 0.054045 500.000000 10.593221
210 0.000143 0.055685 600.000000 10.830325
220 0.000249 0.064430 100.000000 7.692307
220 0.000174 0.049013 200.000000 8.583691
220 0.000152 0.045981 300.000000 9.933775
220 0.000170 0.049493 400.000000 10.050251
220 0.000130 0.051310 500.000000 10.683761
220 0.000141 0.052962 600.000000 10.695188
230 0.000242 0.067051 100.000000 7.518797
230 0.000169 0.048264 200.000000 8.771930
230 0.000150 0.045043 300.000000 10.067114
230 0.000170 0.048712 400.000000 10.152285
230 0.000124 0.049563 500.000000 10.799136
240 0.000243 0.069290 100.000000 7.407407
240 0.000178 0.049919 200.000000 8.928572
240 0.000155 0.045864 300.000000 10.169492
240 0.000178 0.050019 400.000000 10.230179
240 0.000118 0.050546 500.000000 10.893247
250 0.000168 0.067325 100.000000 7.352941
250 0.000143 0.045553 200.000000 9.090909
250 0.000132 0.041120 300.000000 10.204082
250 0.000163 0.044756 400.000000 10.335917
250 0.000102 0.044255 500.000000 10.964912
260 0.000144 0.063063 100.000000 7.352941
260 0.000132 0.042735 200.000000 9.259259
260 0.000127 0.039207 300.000000 10.273973
260 0.000154 0.043181 400.000000 10.416667
260 0.000099 0.042276 500.000000 11.061947
270 0.000281 0.051921 100.000000 7.352941
270 0.000192 0.043066 200.000000 9.389671
270 0.000168 0.044793 300.000000 10.273973
270 0.000180 0.050482 400.000000 10.526316
270 0.000114 0.051530 500.000000 11.135858
280 0.000453 0.044824 100.000000 7.407407
280 0.000249 0.039565 200.000000 9.569378
280 0.000202 0.042294 300.000000 10.309278
280 0.000191 0.047740 400.000000 10.610080
280 0.000145 0.046851 500.000000 11.210762
290 0.000626 0.035889 100.000000 7.518797
290 0.000323 0.035136 200.000000 9.803922
290 0.000244 0.039643 300.000000 10.309278
290 0.000202 0.043536 400.000000 10.752688
290 0.000168 0.041269 500.000000 11.312217
300 0.000451 0.034750 100.000000 7.692307
300 0.000237 0.033988 200.000000 10.000000
300 0.000197 0.036451 300.000000 10.380623
300 0.000145 0.041372 400.000000 10.869565
300 0.000145 0.040666 500.000000 11.389522
310 0.000320 0.026918 100.000000 7.936508
310 0.000186 0.027425 200.000000 10.256411
310 0.000170 0.031462 300.000000 10.452962
310 0.000122 0.036250 400.000000 11.049724
310 0.000134 0.036646 500.000000 11.494253
320 0.000246 0.023727 100.000000 8.264462
320 0.000145 0.025736 200.000000 10.582010
320 0.000152 0.031378 300.000000 10.600707
320 0.000116 0.036462 400.000000 11.204482
320 0.000129 0.037511 500.000000 11.574074
330 0.000228 0.023285 100.000000 8.695652
330 0.000148 0.024754 200.000000 10.928962
330 0.000156 0.030577 300.000000 10.752688
330 0.000116 0.035322 400.000000 11.428572
330 0.000128 0.036948 500.000000 11.627907
340 0.000177 0.021312 100.000000 9.090909
340 0.000127 0.022412 200.000000 11.235955
340 0.000150 0.028335 300.000000 10.948905
340 0.000111 0.033163 400.000000 11.627907
340 0.000124 0.035431 500.000000 11.655012
350 0.000130 0.021284 100.000000 9.708738
350 0.000112 0.021634 200.000000 11.627907
350 0.000148 0.027738 300.000000 11.152416
350 0.000104 0.032674 400.000000 11.834319
350 0.000123 0.035058 500.000000 11.494253
360 0.000125 0.020265 100.000000 10.204082
360 0.000114 0.021654 200.000000 11.976048
360 0.000155 0.028597 300.000000 11.363636
360 0.000101 0.033298 400.000000 12.048193
370 0.000106 0.018632 100.000000 10.869565
370 0.000106 0.019882 200.000000 12.269938
370 0.000149 0.027254 300.000000 11.583012
370 0.000089 0.031627 400.000000 12.232416
380 0.000123 0.018080 100.000000 11.363636
380 0.000118 0.020570 200.000000 12.500000
380 0.000165 0.028939 300.000000 11.764706
380 0.000096 0.033059 400.000000 12.383901
390 0.000128 0.017697 100.000000 12.048193
390 0.000121 0.021138 200.000000 12.658228
390 0.000162 0.029644 300.000000 11.952191
390 0.000093 0.033123 400.000000 12.539185
400 0.000117 0.015226 100.000000 12.500000
400 0.000120 0.020069 200.000000 12.738853
400 0.000143 0.029101 300.000000 12.145749
400 0.000091 0.031946 400.000000 12.658228
410 0.000108 0.013518 100.000000 13.157895
410 0.000124 0.019698 200.000000 12.738853
410 0.000152 0.028651 300.000000 12.295082
410 0.000086 0.031226 400.000000 12.779552
420 0.000097 0.012227 100.000000 13.698630
420 0.000124 0.018739 200.000000 12.658228
420 0.000140 0.027498 300.000000 12.448133
420 0.000088 0.029594 400.000000 12.903226
430 0.000144 0.016674 100.000000 14.084507
430 0.000164 0.022187 200.000000 12.422360
430 0.000162 0.032320 300.000000 12.605042
430 0.000118 0.034268 400.000000 12.903226
440 0.000113 0.013474 100.000000 14.285714
440 0.000129 0.021502 200.000000 12.195122
440 0.000121 0.028807 300.000000 12.658228
440 0.000116 0.030313 400.000000 12.779552
450 0.000117 0.012890 100.000000 14.285714
450 0.000163 0.021371 200.000000 12.048193
450 0.000109 0.029147 300.000000 12.711864
450 0.000125 0.031717 400.000000 12.307693
460 0.000114 0.011696 100.000000 13.888889
460 0.000174 0.021625 200.000000 11.904762
460 0.000090 0.028146 300.000000 12.658228
470 0.000115 0.013420 100.000000 13.333333
470 0.000186 0.024084 200.000000 11.834319
470 0.000085 0.028730 300.000000 12.658228
480 0.000139 0.014381 100.000000 12.500000
480 0.000178 0.025570 200.000000 11.834319
480 0.000087 0.028296 300.000000 12.605042
490 0.000145 0.016771 100.000000 11.627907
490 0.000164 0.026969 200.000000 11.834319
490 0.000087 0.027776 300.000000 12.552301
500 0.000186 0.014150 100.000000 10.869565
500 0.000176 0.027571 200.000000 11.834319
500 0.000116 0.027863 300.000000 12.448133
510 0.000183 0.019254 100.000000 10.416667
510 0.000125 0.028652 200.000000 11.834319
510 0.000122 0.027611 300.000000 12.195122
520 0.000222 0.019950 100.000000 10.204082
520 0.000101 0.028206 200.000000 11.904762
520 0.000131 0.028433 300.000000 11.494253
530 0.000235 0.021260 100.000000 10.204082
530 0.000086 0.026507 200.000000 12.048193
540 0.000257 0.023665 100.000000 10.416667
540 0.000081 0.026581 200.000000 12.195122
550 0.000246 0.024111 100.000000 10.752688
550 0.000068 0.025620 200.000000 12.345679
560 0.000220 0.024349 100.000000 11.111111
560 0.000065 0.024285 200.000000 12.578616
570 0.000201 0.025769 100.000000 11.494253
570 0.000067 0.023091 200.000000 12.820513
580 0.000188 0.026218 100.000000 12.048193
580 0.000059 0.021509 200.000000 13.071896
590 0.000233 0.028451 100.000000 12.658228
590 0.000079 0.020111 200.000000 13.333333
600 0.000177 0.029429 100.000000 13.333333
600 0.000088 0.019703 200.000000 13.333333
610 0.000100 0.025132 100.000000 13.888889
610 0.000089 0.017988 200.000000 12.987013
620 0.000083 0.022590 100.000000 14.084507
630 0.000135 0.018569 100.000000 14.285714
640 0.000143 0.014714 100.000000 14.285714
650 0.000185 0.009348 100.000000 14.285714
660 0.000171 0.006719 100.000000 14.084507
670 0.000279 0.005275 100.000000 13.513514
680 0.000211 0.009810 100.000000 12.195122
