-0.000000 0.000000 0.000000 0.000000
0.094490 -0.047790 0.146539 0.000424
0.369750 -0.201748 0.325020 0.004206
0.754287 -0.401876 0.530016 0.006274
1.300864 -0.686978 0.785747 0.002040
1.995656 -0.920202 1.110530 -0.010000
2.781661 -1.171414 1.472961 -0.020492
3.548435 -1.339339 1.926090 -0.027829
4.398775 -1.551979 2.477391 -0.034162
5.309432 -1.729664 3.117757 -0.045654
6.251908 -1.855236 3.822329 -0.060026
7.216734 -1.980168 4.542654 -0.074644
8.170817 -2.120596 5.250822 -0.097738
9.004006 -2.227600 5.937697 -0.126049
9.682775 -2.305575 6.577279 -0.173500
10.237840 -2.409959 7.124283 -0.239365
10.677200 -2.543831 7.564704 -0.302479
10.937940 -2.662761 7.824374 -0.381970
11.079050 -2.801587 7.994122 -0.470834
11.117570 -3.013061 8.076429 -0.560767
11.031990 -3.171846 8.015334 -0.652982
10.869170 -3.165857 7.844074 -0.764194
10.708650 -3.087348 7.634574 -0.896973
10.569880 -2.870982 7.417206 -1.026478
10.447250 -2.710177 7.207059 -1.166021
10.310040 -2.547441 6.991789 -1.299699
10.167740 -2.504753 6.754146 -1.437143
10.020360 -2.618261 6.454194 -1.585878
9.876962 -2.777161 6.161201 -1.722493
9.727537 -2.900050 5.872242 -1.858787
9.573106 -3.038349 5.570557 -2.006461
9.425815 -3.078776 5.269537 -2.140871
9.271528 -3.176834 4.968124 -2.258917
9.086834 -3.297738 4.649357 -2.409437
8.883199 -3.460402 4.284217 -2.578083
8.672899 -3.640285 3.908849 -2.733501
8.450464 -3.778092 3.542041 -2.887742
8.237980 -4.005281 3.148556 -3.034666
8.005293 -4.219915 2.747945 -3.187872
7.765791 -4.456846 2.355863 -3.358079
7.546154 -4.714324 1.987986 -3.537506
7.317889 -4.949761 1.630775 -3.705114
7.077587 -5.103985 1.276570 -3.887722
6.834273 -5.252738 0.975373 -4.078571
6.594585 -5.418919 0.654853 -4.248213
6.367284 -5.604461 0.308116 -4.404665
6.147487 -5.790408 0.035944 -4.651416
5.878131 -5.936001 -0.209065 -4.928236
5.592300 -6.081666 -0.504051 -5.121852
5.325009 -6.244491 -0.814587 -5.265290
5.079940 -6.424384 -1.095522 -5.445979
4.826986 -6.606675 -1.365025 -5.624788
4.565309 -6.712555 -1.622424 -5.798344
4.287765 -6.838376 -1.889184 -5.978364
3.997192 -6.994937 -2.143890 -6.151984
3.697176 -7.149508 -2.395416 -6.305065
3.398674 -7.350984 -2.673966 -6.474117
3.054534 -7.556418 -2.971281 -6.637694
2.680025 -7.737938 -3.266518 -6.811453
2.308214 -7.876194 -3.619368 -6.945906
1.967565 -8.051270 -3.938988 -7.092686
1.675015 -8.243798 -4.283571 -7.243135
1.340663 -8.361828 -4.620664 -7.413053
1.056215 -8.575477 -4.885174 -7.549908
0.812066 -8.799087 -5.132925 -7.678564
0.538747 -8.950875 -5.392338 -7.828251
0.261170 -9.060413 -5.614041 -7.966037
0.008869 -9.159617 -5.820882 -8.095145
-0.242076 -9.268901 -6.031409 -8.238162
-0.515350 -9.413440 -6.240917 -8.400899
-0.777356 -9.542263 -6.408726 -8.566327
-1.021525 -9.691481 -6.561150 -8.731112
-1.282553 -9.775567 -6.731395 -8.874990
-1.549366 -9.872118 -6.921181 -9.004714
-1.797033 -9.978009 -7.099492 -9.133102
-1.995797 -10.055830 -7.254920 -9.258397
-2.167267 -10.122990 -7.402811 -9.375277
-2.312811 -10.170890 -7.519211 -9.493917
-2.400295 -10.236740 -7.602913 -9.611437
-2.447382 -10.305820 -7.670205 -9.736510
-2.455675 -10.359880 -7.518167 -9.794505
-2.395643 -10.382350 -7.359090 -9.888959
-2.194502 -10.428160 -7.170851 -9.989575
-1.856780 -10.493050 -7.056121 -10.095206
-1.409507 -10.558620 -6.654874 -10.198976
-0.829110 -10.648340 -6.059690 -10.303988
-0.128005 -10.735940 -5.417913 -10.407159
0.703633 -10.828910 -4.626468 -10.507784
1.728305 -10.921010 -3.643194 -10.629616
2.839743 -10.997200 -2.469308 -10.750997
4.096926 -11.067290 -1.172315 -10.862286
5.494954 -11.111830 0.186731 -10.971214
6.961636 -11.128680 1.687612 -11.067121
8.533499 -11.172870 3.333591 -11.146207
10.236200 -11.189350 5.063973 -11.183011
12.035450 -11.191060 6.854257 -11.198974
13.955650 -11.199640 8.768840 -11.255427
15.974720 -11.192810 10.809902 -11.323727
18.046170 -11.178350 12.893110 -11.381591
20.171770 -11.155910 15.027165 -11.431781
22.297980 -11.133500 17.218534 -11.479245
24.441090 -11.123190 19.468613 -11.532049
26.582100 -11.096660 21.764488 -11.568789
28.704120 -11.064570 23.982954 -11.591892
30.797930 -11.022970 26.168020 -11.661505
32.900360 -11.005560 28.345118 -11.736045
34.995490 -11.054080 30.488567 -11.765658
37.060130 -11.078200 32.615791 -11.810396
39.035810 -11.030600 34.731697 -11.870765
40.987370 -10.997070 36.707130 -11.900578
42.892850 -10.943430 38.667038 -11.926421
44.734630 -10.836330 40.639950 -11.931792
46.539990 -10.726520 42.534817 -11.922727
48.139310 -10.607300 44.364571 -11.905750
49.740870 -10.478890 46.131001 -11.904422
51.206870 -10.323190 47.792572 -11.882127
52.483650 -10.171130 49.342865 -11.864595
53.624710 -10.034520 50.733971 -11.828316
54.641780 -9.911330 51.943981 -11.777705
55.529380 -9.770867 53.035698 -11.725838
56.315430 -9.649180 54.000549 -11.666783
56.993940 -9.499364 54.709648 -11.584946
57.553010 -9.326534 55.412521 -11.488636
58.061850 -9.166162 56.064770 -11.397231
58.535480 -9.036701 56.647305 -11.305429
58.908620 -8.908029 57.153046 -11.216080
59.153930 -8.754341 57.512207 -11.112883
59.315410 -8.595995 57.735924 -10.984217
59.394240 -8.445587 57.968155 -10.878918
59.497090 -8.306878 58.205555 -10.770971
59.633200 -8.158366 58.448029 -10.640089
59.818310 -8.022792 58.709942 -10.519316
60.074330 -7.875174 59.005943 -10.395526
60.340160 -7.740776 59.332558 -10.276661
60.631050 -7.596862 59.682232 -10.150711
60.938790 -7.475994 60.042046 -10.048793
61.169590 -7.324098 60.379955 -9.936227
61.404790 -7.187919 60.678474 -9.823488
61.668610 -7.070710 60.941418 -9.733807
61.919190 -6.965011 61.224476 -9.628993
62.178550 -6.850528 61.517315 -9.512860
62.448550 -6.720413 61.796371 -9.383617
62.716550 -6.577171 62.094749 -9.262234
63.006320 -6.425379 62.370029 -9.135845
63.299010 -6.288204 62.644081 -9.001200
63.556590 -6.160201 62.893993 -8.884305
63.789700 -6.008494 63.146297 -8.763006
64.019060 -5.829203 63.390587 -8.633179
64.245610 -5.639253 63.608383 -8.518800
64.437250 -5.463635 63.834824 -8.400850
64.673190 -5.322872 64.068405 -8.282474
64.948090 -5.213764 64.315384 -8.172417
65.211570 -5.096350 64.514229 -8.032240
65.510490 -5.004832 64.735847 -7.896091
65.801660 -4.901527 64.947891 -7.765739
66.048800 -4.781539 65.168671 -7.635580
66.290170 -4.677226 65.376747 -7.521688
66.516660 -4.559591 65.593498 -7.395214
66.751530 -4.449008 65.800980 -7.269330
66.986280 -4.321922 65.998238 -7.126151
67.152920 -4.148723 66.178467 -6.984356
67.333780 -3.966352 66.349586 -6.839409
67.549660 -3.792918 66.513237 -6.697379
67.749230 -3.636669 66.697906 -6.554698
68.007780 -3.527039 66.880203 -6.413702
68.230400 -3.400750 67.060822 -6.272140
68.454580 -3.281908 67.197281 -6.137889
68.682110 -3.185867 67.370087 -6.012664
68.926720 -3.063415 67.515343 -5.869099
69.167990 -2.980935 67.678192 -5.785686
69.380500 -2.872700 67.844910 -5.668278
69.580410 -2.721935 67.979294 -5.498067
69.803670 -2.582969 68.148384 -5.370201
69.982300 -2.406170 68.307495 -5.255179
70.167300 -2.210447 68.462181 -5.119009
70.337250 -2.034326 68.616089 -4.993937
70.478990 -1.934797 68.763908 -4.885629
70.627420 -1.854118 68.931839 -4.801640
70.774400 -1.775347 69.059692 -4.720607
70.918970 -1.685371 69.161690 -4.641063
71.052460 -1.585006 69.261497 -4.561945
71.156280 -1.489766 69.358467 -4.484546
71.240870 -1.397861 69.450638 -4.411447
71.270860 -1.291839 69.537964 -4.345025
71.236840 -1.162650 69.609016 -4.276793
71.170380 -1.063540 69.657707 -4.213258
71.089930 -0.984796 69.684570 -4.155915
70.999130 -0.901400 69.638466 -4.115502
70.920010 -0.841011 69.571167 -4.072230
70.739080 -0.785240 69.475922 -4.025702
70.565800 -0.736456 69.354568 -3.970565
70.386190 -0.692586 69.218468 -3.917958
70.222440 -0.659534 69.090034 -3.875583
70.120290 -0.639608 68.982651 -3.845371
70.034780 -0.618924 68.890541 -3.820062
69.890890 -0.577901 68.818283 -3.792390
69.771520 -0.536793 68.765511 -3.768212
69.675730 -0.487036 68.716904 -3.745481
69.661010 -0.445412 68.706207 -3.713320
69.783700 -0.425592 68.774025 -3.671359
69.974640 -0.352306 68.932358 -3.623984
70.295920 -0.283766 69.172012 -3.581788
70.786050 -0.239689 69.497116 -3.548097
71.464500 -0.205155 69.931084 -3.512882
72.357730 -0.233512 70.508797 -3.495063
73.377380 -0.236087 71.232132 -3.466733
74.590970 -0.253809 72.072540 -3.436407
75.945680 -0.299050 73.032310 -3.424618
77.474200 -0.347008 74.152443 -3.417600
79.053990 -0.390102 75.327644 -3.412634
80.664940 -0.380205 76.555412 -3.408493
82.301800 -0.322645 77.885010 -3.407811
83.941340 -0.278416 79.508667 -3.425609
85.542130 -0.245359 81.080132 -3.445851
87.138050 -0.230712 82.624046 -3.456221
88.678050 -0.212464 84.170311 -3.463423
90.186580 -0.233386 85.713242 -3.469543
91.678030 -0.287730 87.220459 -3.478942
93.110910 -0.293494 88.702469 -3.488888
94.538230 -0.262176 90.173355 -3.499838
95.988620 -0.243851 91.665497 -3.514052
97.514380 -0.211818 93.192268 -3.521064
99.093340 -0.153605 94.782700 -3.524272
100.747200 -0.114539 96.440598 -3.526616
102.413600 -0.093288 98.102028 -3.533902
104.119800 -0.087012 99.762878 -3.539900
105.721700 -0.028845 101.422241 -3.539796
107.435000 0.001518 103.073845 -3.541769
109.137500 0.012848 104.712502 -3.548153
110.753600 0.028621 106.328827 -3.552926
112.311800 0.024703 107.859276 -3.581363
113.823100 0.021205 109.262169 -3.589953
115.206300 0.018196 110.618874 -3.596336
116.522100 0.036591 111.902603 -3.625777
117.710600 0.176059 113.165497 -3.636239
118.862400 0.340415 114.406075 -3.619673
120.159800 0.513397 115.611412 -3.597191
121.391200 0.626835 116.737946 -3.517681
122.567900 0.739805 117.861755 -3.478435
123.701300 0.828274 118.973015 -3.468050
124.756200 0.895459 120.034584 -3.467367
125.650400 0.880560 121.001549 -3.491135
126.418500 0.836436 121.895538 -3.531045
127.143700 0.854632 122.744041 -3.540865
127.848700 0.808371 123.545357 -3.551131
128.576700 0.740317 124.337883 -3.551671
129.355800 0.694540 125.154572 -3.552791
130.172100 0.685188 126.002914 -3.553293
131.052900 0.681588 126.876801 -3.562263
131.892600 0.681763 127.784248 -3.573081
132.831900 0.670560 128.706345 -3.596165
133.705400 0.657022 129.626541 -3.632239
134.518400 0.637284 130.512131 -3.675450
135.234700 0.610990 131.332611 -3.723557
135.804100 0.612778 132.058350 -3.765753
136.265600 0.591306 132.707031 -3.820444
136.611500 0.569579 133.282822 -3.876673
136.900900 0.516661 133.661636 -3.963137
137.144600 0.448037 133.999252 -4.072023
137.410300 0.399592 134.325714 -4.196364
137.704100 0.327681 134.663528 -4.326077
137.998900 0.258495 135.018387 -4.458373
138.326100 0.228815 135.394180 -4.573900
138.676600 0.166213 135.788361 -4.693186
139.034300 0.110744 136.194885 -4.817863
139.401700 0.061314 136.614258 -4.940234
139.736200 -0.006820 137.037537 -5.068405
