0.000000 -0.000000 0.000000 0.000000
0.003267 4.566315 0.019148 4.694898
-0.031716 9.099118 0.125767 9.324360
-0.081952 13.587370 0.074062 13.948649
-0.172757 18.042800 0.099645 18.596340
-0.267875 22.451640 0.001441 23.159332
-0.358400 26.802010 -0.103481 27.582613
-0.442803 31.082040 -0.318868 32.036777
-0.523018 35.271990 -0.497250 36.480865
-0.611006 39.330190 -0.573867 40.600662
-0.673187 43.239550 -0.671646 44.650543
-0.695957 46.977480 -0.730941 48.609108
-0.690361 50.605530 -0.750507 52.434246
-0.609462 54.132960 -0.723537 56.017635
-0.411112 57.531050 -0.489884 59.477707
-0.030280 60.807340 -0.118999 62.879932
0.568852 63.940690 0.385473 66.218765
1.400581 66.903860 1.087676 69.456482
2.445156 69.702430 2.232666 72.421371
3.697183 72.300100 3.429706 75.153259
5.171922 74.740420 4.826397 77.777229
6.852965 76.941870 6.419638 80.229973
8.750799 78.905900 8.399558 82.322960
10.823450 80.634320 10.474790 84.208298
13.066210 82.178440 12.710550 85.927818
15.504950 83.526400 15.118768 87.469215
18.101340 84.588810 17.764896 88.672783
20.853170 85.339470 20.559307 89.600677
23.704110 85.757740 23.435148 90.287285
26.596700 85.903500 26.376141 90.675003
29.539120 85.860020 29.398542 90.702225
32.495530 85.669740 32.371799 90.462730
35.473920 85.419290 35.369614 90.181305
38.479390 85.150930 38.400574 89.881630
41.523140 84.840110 41.450424 89.512131
44.591610 84.512730 44.517975 89.151428
47.698590 84.159740 47.618004 88.789146
50.851300 83.780360 50.761562 88.400902
54.021280 83.370120 53.924412 87.978760
57.236480 82.963200 57.123402 87.417900
60.484150 82.564450 60.348400 86.864510
63.801630 82.126570 63.633820 86.284920
67.115350 81.671290 66.915077 85.691605
70.485000 81.248710 70.231361 85.119408
73.889090 80.831410 73.642830 84.526215
77.339480 80.402860 77.085320 83.921013
80.814430 79.981940 80.562614 83.315163
84.311560 79.560560 84.078354 82.701103
87.843140 79.132970 87.632477 82.077599
91.452740 78.712050 91.226280 81.457008
95.109110 78.302620 94.850937 80.846420
98.802080 77.939830 98.571365 80.261192
102.537600 77.577720 102.339844 79.662216
106.283100 77.182590 106.127686 79.037872
110.001900 76.763780 109.856171 78.414833
113.690700 76.253080 113.563774 77.724388
117.341000 75.581300 117.234398 76.844994
120.903700 74.751300 120.800873 75.856544
124.437500 73.785660 124.268936 74.779419
127.882800 72.651860 127.682533 73.490585
131.253600 71.361680 131.031891 72.030441
134.528800 69.931300 134.301025 70.474014
137.742000 68.328450 137.513168 68.784859
140.926800 66.546730 140.673477 66.899048
144.031200 64.574810 143.746521 64.814659
147.051200 62.406270 146.723145 62.535900
149.969500 60.049300 149.578415 60.063602
152.781800 57.504160 152.270294 57.382286
155.436800 54.746640 154.847153 54.540192
157.947400 51.752940 157.235260 51.526531
160.279800 48.634580 159.343491 48.293308
162.349000 45.353340 161.219910 44.909348
164.179800 41.946720 162.907196 41.564499
165.830900 38.447790 164.421417 38.066921
167.335400 34.861970 165.860535 34.528717
168.691200 31.242820 167.159744 30.954496
169.969500 27.582240 168.273544 27.240124
171.127300 23.900190 169.263794 23.471701
172.263200 20.221330 170.286972 19.784300
173.377000 16.599090 171.369308 16.098166
174.627000 13.004350 172.463699 12.460761
175.942500 9.442182 173.615341 8.856536
177.356800 5.917093 174.500702 5.493418
178.928800 2.434985 175.742706 2.200288
180.675800 -0.971876 177.442398 -1.100365
182.554400 -4.252484 179.161362 -4.488410
184.560700 -7.384682 180.960571 -7.745963
186.750900 -10.368790 182.962952 -10.942678
189.116500 -13.135630 185.124710 -13.962097
191.665700 -15.656880 187.477432 -16.755529
194.385900 -17.931220 190.028214 -19.326715
197.226100 -19.980800 192.759857 -21.681423
200.271800 -21.743030 195.823975 -23.590265
203.448300 -23.203180 198.917923 -25.142181
206.758900 -24.325190 202.114426 -26.442619
210.184300 -25.068170 205.418991 -27.486038
213.630700 -25.424490 208.776215 -28.252867
217.117000 -25.407460 212.170044 -28.774654
220.571900 -25.039820 215.625473 -28.919912
224.021200 -24.363710 219.126694 -28.594893
227.429900 -23.372920 222.601776 -27.908857
230.747500 -22.058700 226.021072 -26.925835
233.928400 -20.443850 229.367050 -25.742004
237.019600 -18.526770 232.625549 -24.296387
239.961000 -16.355940 235.718124 -22.397896
242.779800 -13.984550 238.722565 -20.393541
245.458500 -11.414060 241.609909 -18.205870
247.997000 -8.674394 244.309891 -15.703031
250.390600 -5.759310 246.921631 -13.108036
252.655600 -2.686673 249.415756 -10.356794
254.806500 0.534019 251.761703 -7.313367
256.864000 3.862410 254.021072 -4.139230
258.884400 7.263272 256.260559 -0.916374
260.877600 10.718320 258.527344 2.312409
262.828700 14.222610 260.732239 5.592347
264.741600 17.745920 262.928741 8.984418
266.637600 21.266150 265.053497 12.356521
268.527700 24.786100 267.197815 15.715290
270.375000 28.334210 269.277161 19.090788
272.219500 31.917810 271.377350 22.465925
274.124700 35.502240 273.506226 25.875727
276.050500 39.060050 275.716675 29.265696
277.989700 42.665330 277.941193 32.702354
279.912600 46.301830 280.156250 36.191891
281.775800 49.949900 282.358368 39.658379
283.563100 53.532720 284.511169 43.231834
285.356500 57.056770 286.668518 46.637505
287.075600 60.536460 288.699524 50.009399
288.712000 63.954910 290.616669 53.349792
290.293900 67.289100 292.435638 56.611282
291.871100 70.559820 294.274323 59.812981
293.538100 73.753600 296.202240 62.918320
295.351100 76.864560 298.221039 65.941895
297.261700 79.892800 300.368378 68.860168
299.367900 82.771990 302.681824 71.626190
301.654700 85.444430 305.203766 74.177177
304.129900 87.873730 307.869385 76.499252
306.795800 90.009740 310.668945 78.559647
309.610300 91.815310 313.584625 80.320198
312.540600 93.287990 316.606018 81.779869
315.589700 94.424870 319.796661 82.699059
318.731100 95.231100 323.051514 83.123344
321.947000 95.719040 326.251160 83.403595
325.202000 95.875140 329.447540 83.364449
328.404100 95.672520 332.599884 83.048538
331.635400 95.086030 335.676331 82.419502
334.756200 94.171900 338.636383 81.361305
337.636900 92.963350 341.465546 80.064560
340.363200 91.461070 344.158386 78.500153
342.964100 89.692180 346.601440 76.406555
345.403300 87.579170 348.911713 74.183159
347.592200 85.092570 351.010651 71.728004
349.463400 82.321490 352.706482 68.872078
351.002500 79.397790 354.129517 65.898460
352.204000 76.402830 355.234070 62.799294
353.107800 73.306490 356.061646 59.676315
353.811200 70.096650 356.669434 56.518692
354.464700 66.889050 357.122192 53.337521
355.047400 63.664610 357.445282 50.128513
355.500500 60.449100 357.505493 46.904186
355.866900 57.296080 357.648590 43.739246
356.198500 54.208160 357.764832 40.638126
356.525800 51.221050 357.842102 37.607174
356.961300 48.369400 358.030121 34.676205
357.538900 45.752540 358.313629 31.941973
358.275300 43.388830 358.766479 29.420135
359.266800 41.238890 359.434021 27.068306
360.571800 39.373830 360.525848 25.004055
362.156300 37.835540 361.831726 23.175074
363.974400 36.638300 363.439697 21.691446
366.080400 35.761110 365.418060 20.573763
368.547300 35.234490 367.690979 19.719959
371.148400 35.045060 370.093445 19.069183
373.899500 35.175270 372.687042 18.720606
376.698100 35.611110 375.478516 18.780890
379.470900 36.322790 378.315765 19.161325
382.212100 37.294470 381.159393 19.713640
384.867700 38.517990 383.948120 20.545500
387.364100 39.991850 386.669281 21.609478
389.701500 41.780710 389.224274 23.037157
391.802700 43.839190 391.633270 24.778444
393.689400 46.099010 393.880951 26.751425
395.383900 48.474340 395.940704 28.856836
396.942200 50.928340 397.826019 31.101446
398.325500 53.450140 399.539795 33.414246
399.544900 56.052550 401.110474 35.829918
400.579700 58.728940 402.536163 38.336277
401.390700 61.486590 403.792694 40.927467
401.978000 64.333130 404.845917 43.622543
402.335300 67.250270 405.665314 46.417305
402.474600 70.259740 406.261230 49.327629
402.447300 73.356030 406.658600 52.400814
402.341800 76.540880 406.787628 55.611996
402.228800 79.805450 407.013245 58.858192
402.075400 83.156280 407.214966 62.171310
401.927800 86.597120 407.376801 65.623093
401.721900 90.113350 407.501923 69.149696
401.455800 93.737450 407.608612 72.718773
401.169200 97.438860 407.711517 76.327164
400.835400 101.196700 407.794250 79.987518
400.479100 104.981000 407.840332 83.775375
400.086700 108.745200 407.858795 87.614487
399.638200 112.493800 407.843292 91.440895
399.138700 116.226700 407.796936 95.231079
398.603300 119.924700 407.709839 98.987793
398.025400 123.612000 407.590149 102.743225
397.409200 127.314800 407.429413 106.489624
396.829000 131.013100 407.294800 110.229378
396.222300 134.687900 407.118683 113.915970
395.601900 138.281700 406.930817 117.568451
395.033400 141.881600 406.807434 121.223434
394.483600 145.487500 406.681702 124.908997
393.961300 149.091800 406.566223 128.583145
393.456700 152.724500 406.467682 132.262360
392.964400 156.362200 406.398315 135.918228
392.473900 160.012200 406.341034 139.568558
391.988000 163.681600 406.277527 143.227051
391.511200 167.360500 406.217041 146.911285
391.037700 171.040400 406.157166 150.600082
390.574400 174.743200 406.107819 154.304779
390.110100 178.440800 406.057709 158.011749
389.662900 182.147700 406.026642 161.717941
389.244100 185.891700 406.043457 165.433624
388.894800 189.677500 406.121002 169.219376
388.606000 193.461200 406.284393 172.994583
388.392800 197.250000 406.495850 176.775131
388.242200 201.058600 406.772156 180.551361
388.167200 204.843700 407.131531 184.291901
388.164900 208.656700 407.577240 188.041748
388.225800 212.467100 408.079437 191.783249
388.337900 216.277100 408.622955 195.519470
388.518500 220.100100 409.225067 199.276672
388.781300 223.924000 409.913757 203.003891
389.110400 227.762200 410.666656 206.742432
389.519500 231.600300 411.503693 210.479828
390.000700 235.455300 412.393341 214.245483
390.533100 239.323100 413.324677 218.024673
391.126500 243.191800 414.374207 221.807602
391.817200 247.082900 415.470276 225.591034
392.446500 250.991000 416.681946 229.341797
393.192700 254.933200 418.053528 233.048798
394.129800 258.841200 419.512238 236.786469
395.212400 262.725700 421.042725 240.514908
396.381300 266.559900 422.616180 244.215988
397.591700 270.309200 424.293365 247.821213
398.915600 273.988100 426.008057 251.344666
400.261600 277.620100 427.758209 254.840439
401.674900 281.230100 429.564514 258.270508
403.099300 284.836200 431.399017 261.708588
404.552600 288.368900 433.249847 265.078552
405.981400 291.858600 435.075958 268.381470
407.396700 295.286300 436.890442 271.614655
408.787500 298.654400 438.680542 274.788147
410.160300 301.970700 440.457245 277.906647
411.532700 305.248600 442.226318 281.014771
412.910200 308.514300 443.992615 284.088593
414.286500 311.815200 445.703247 287.258698
415.632400 315.158100 447.460022 290.406342
416.955300 318.554600 449.284180 293.597290
418.356500 321.950200 451.207703 296.797729
419.919100 325.360500 453.271820 300.000153
421.619500 328.772700 455.411591 303.141296
423.465300 332.205100 457.687622 306.290131
425.389400 335.648500 460.048706 309.453278
427.393700 339.062100 462.487640 312.683136
429.441400 342.427400 464.975800 315.814789
431.502800 345.736000 467.479187 318.883209
433.555500 349.037600 469.988098 321.907623
435.647400 352.345100 472.559143 324.935150
437.737700 355.673900 475.107513 327.994232
439.858900 359.019800 477.695221 331.031342
441.938400 362.354800 480.248749 334.075500
444.011500 365.707600 482.758820 337.134064
446.074200 369.043000 485.255371 340.181580
448.108100 372.393000 487.745941 343.228149
450.106200 375.748500 490.220276 346.260895
452.077600 379.076100 492.725769 349.268402
454.072700 382.382200 495.241364 352.270416
456.149900 385.671800 497.770966 355.252594
458.224600 388.968400 500.323883 358.228851
460.351800 392.205600 503.351410 361.192566
462.503100 395.388100 505.841736 364.228485
464.568500 398.419600 508.374084 367.131866
466.632000 401.347200 510.833740 369.980408
468.654400 404.221700 513.224548 372.774841
470.657600 407.038900 515.610168 375.509216
472.677800 409.783700 517.857422 378.075134
474.657200 412.487100 520.076538 380.593109
476.592600 415.139500 522.320129 383.067261
478.496300 417.710700 524.484192 385.451721
480.372100 420.213300 526.594360 387.798126
482.195400 422.602900 528.682983 390.052185
483.955500 424.843700 530.705017 392.138458
485.628500 426.923600 532.637756 394.105194
487.190800 428.865800 534.447754 395.920197
488.699400 430.731200 536.168701 397.667206
490.108000 432.491800 537.789062 399.310760
491.375400 434.138900 539.283569 400.858093
492.521700 435.661300 540.707397 402.346436
493.585300 437.088500 542.049561 403.740234
494.601900 438.498800 543.274292 405.022400
495.493900 439.942600 544.361023 406.340668
496.198400 441.455900 545.272461 407.779816
496.643000 443.038900 545.967285 409.298767
496.894900 444.688300 546.476868 410.880646
496.838300 446.434300 546.858154 412.527069
496.587000 448.236400 547.040771 414.248047
496.020500 450.035800 546.916016 416.069153
495.316800 451.880800 546.658386 417.902374
494.382600 453.714700 546.150818 419.779297
493.357500 455.591800 545.365906 421.757385
492.259600 457.525200 544.501709 423.800659
491.138900 459.531700 543.644104 425.938965
489.968800 461.583000 542.749878 428.104858
488.778600 463.722100 541.787537 430.346680
487.527700 465.987400 540.769653 432.646942
486.241900 468.332900 539.740479 435.093201
484.929200 470.750300 538.689575 437.575134
483.595100 473.196800 537.631958 440.111877
482.240900 475.680400 536.554382 442.687805
480.881200 478.179700 535.478394 445.423920
479.506700 480.715200 534.440796 448.121277
478.139700 483.249600 533.391235 450.811157
476.741800 485.776600 532.284790 453.489502
475.327000 488.358200 531.073853 456.262512
473.905700 490.923000 529.943115 459.011292
472.463600 493.499100 528.795105 461.764801
471.030900 496.048700 527.649963 464.503632
469.654400 498.493900 526.560608 467.107147
468.311000 500.883700 525.491272 469.645142
467.003300 503.201000 524.434937 472.148041
465.767600 505.385700 523.402832 474.584961
464.618000 507.421200 522.414001 476.924744
463.563200 509.303500 521.526001 479.056549
462.581700 511.077100 520.780457 480.922638
461.620900 512.827500 520.026550 482.745239
460.698800 514.516100 519.282349 484.568451
459.825600 516.111800 518.556641 486.361359
459.035800 517.582500 517.955750 487.936401
458.312900 518.912300 517.398376 489.426697
457.589200 520.176600 516.837402 490.880951
456.756600 521.359000 516.196838 492.269867
455.798000 522.446500 515.410217 493.496857
454.695200 523.354600 514.467712 494.590546
453.456700 523.963300 513.365601 495.487946
452.010000 524.448000 512.097046 496.253662
450.370300 524.664900 510.645660 496.838623
448.645800 524.629300 509.064606 497.204956
446.853700 524.242200 507.385376 497.331818
445.001300 523.578900 505.637268 497.242249
443.053700 522.715000 503.823029 496.981323
441.070200 521.621600 501.941315 496.567383
439.068600 520.385000 499.947571 495.917450
437.067600 519.079900 497.730499 494.808655
435.131900 517.711100 495.539398 493.631195
433.248700 516.276400 493.445984 492.436615
431.409100 514.772600 491.402283 491.225708
429.653800 513.188400 489.426544 489.898376
427.979000 511.552500 487.505188 488.495087
426.376200 509.872800 485.619476 487.032867
424.896200 508.159600 483.828613 485.520020
423.477300 506.386900 482.119904 483.942230
422.151700 504.603800 480.496613 482.334747
420.895300 502.757100 478.932312 480.656616
419.698800 500.847600 477.414368 478.905212
418.553100 498.879100 475.938965 477.096588
417.436100 496.852200 474.492859 475.233765
416.341100 494.769800 473.084747 473.303467
415.299400 492.613200 471.708069 471.308197
414.283100 490.400400 470.338470 469.285767
413.291100 488.174100 469.042206 467.209808
412.307400 485.928500 467.743622 465.102325
411.321100 483.659600 466.454529 462.962738
410.385800 481.369500 465.194092 460.802612
409.484300 479.070200 463.956238 458.650574
408.605900 476.771200 462.747192 456.475647
407.747600 474.482200 461.574371 454.307220
406.916200 472.194500 460.409698 452.145355
406.106200 469.923800 459.273407 449.978729
405.321800 467.714100 458.148499 447.853699
404.581200 465.613200 457.135559 445.828217
403.881000 463.647100 456.186371 443.929779
403.196100 461.842900 455.304382 442.192261
402.563700 460.074300 454.431213 440.491882
401.946900 458.305600 453.567749 438.791382
401.296600 456.548600 452.690399 437.098938
400.651300 454.770400 451.814453 435.393036
399.996700 452.984700 450.930389 433.689240
399.329600 451.125900 450.048370 431.952026
398.618400 449.218000 449.136261 430.189362
397.822000 447.249700 448.107666 428.390717
396.969800 445.208000 446.990509 426.505066
396.116100 443.116600 445.867310 424.565063
395.211200 440.967800 444.701111 422.580200
394.287700 438.749400 443.493683 420.549652
393.341900 436.497700 442.280304 418.477081
392.358600 434.221800 441.066986 416.388428
391.343800 431.907700 439.830078 414.288116
390.285600 429.531900 438.561646 412.162323
389.177900 427.104300 437.221466 409.978729
388.002000 424.633000 435.739105 407.689484
386.786000 422.153600 434.236237 405.403625
385.529200 419.645500 432.711365 403.103668
384.252800 417.122900 431.153870 400.818024
382.927300 414.575600 429.535339 398.498566
381.591500 412.030100 427.901672 396.184967
380.224100 409.463100 426.245270 393.846283
378.830100 406.889400 424.559021 391.501953
377.404400 404.303400 422.816956 389.128998
375.940700 401.722300 421.043488 386.765381
374.431300 399.137000 419.244568 384.401611
372.878200 396.550200 417.397980 382.045532
371.286300 393.960100 415.478973 379.699219
369.662600 391.367800 413.544739 377.354797
368.012000 388.798400 411.601624 375.027344
366.357200 386.258300 409.617615 372.716980
364.686300 383.683500 407.603973 370.413086
362.990500 381.103100 405.583435 368.091309
361.274100 378.545400 403.560364 365.782959
359.479500 376.079600 401.468414 363.534271
357.743100 373.713700 399.278961 361.380463
356.046500 371.424400 397.172852 359.296387
354.349500 369.168400 395.255798 357.258331
352.662900 366.944000 393.360260 355.266174
351.018900 364.780500 391.461121 353.303680
349.445300 362.679200 389.618225 351.395905
347.970100 360.669800 387.832184 349.545807
346.587900 358.760700 386.128448 347.778595
345.269200 357.004900 384.476624 346.091278
343.987600 355.420000 382.942261 344.599518
342.722300 353.942300 381.462341 343.265045
341.428400 352.599100 379.972290 342.005066
340.132200 351.423100 378.492554 340.875824
338.769300 350.441200 376.990295 339.925079
337.341700 349.681300 375.448578 339.155487
335.777200 349.128400 373.870300 338.678070
334.132400 348.908200 372.232605 338.489136
332.452400 349.031300 370.589844 338.596802
330.797800 349.428100 369.003876 338.924988
329.211100 350.167300 367.501526 339.503113
327.641800 351.098300 366.049286 340.267456
326.094800 352.236000 364.644501 341.180908
324.512700 353.489700 363.234161 342.494598
322.875800 354.863500 361.819305 344.042236
321.135500 356.302000 360.341400 345.650085
319.250000 357.710100 358.699188 347.252808
317.242300 359.002400 356.813812 348.770142
315.093800 360.160000 354.835785 350.231537
312.852600 361.167400 352.765991 351.536530
310.509200 362.008200 350.600067 352.701782
308.069100 362.662200 348.293945 353.750580
305.560600 363.146700 345.939026 354.720184
302.953900 363.438100 343.515167 355.571594
300.313300 363.558500 340.888031 356.087952
297.631800 363.522600 338.172058 356.414551
294.885100 363.381000 335.408661 356.669647
292.104200 363.172300 332.635376 356.906860
289.300900 362.939000 329.810730 357.028717
286.491000 362.678500 326.983734 357.132751
283.693500 362.370200 324.150696 357.198578
280.920600 362.098000 321.328217 357.286407
278.169000 361.857400 318.542633 357.388214
275.446800 361.657400 315.820160 357.479797
272.737000 361.519800 313.107330 357.661469
270.035600 361.455000 310.402710 357.917755
267.327700 361.497700 307.729828 358.285492
264.630400 361.676000 305.060425 358.751038
261.940300 361.979900 302.422699 359.392914
259.250900 362.413000 299.817047 360.089844
256.573600 362.959900 297.221680 360.871399
253.917300 363.655300 294.664886 361.889130
251.288400 364.497000 292.157806 363.022675
248.680300 365.504900 289.685577 364.317535
246.094700 366.666900 287.264618 365.797546
243.562600 367.994000 284.910126 367.422974
241.083300 369.508300 282.597198 369.137177
238.697300 371.174900 280.426056 371.032684
236.432200 372.983900 278.436218 373.105591
234.282400 374.915600 276.528717 375.243011
232.221400 376.965100 274.746918 377.495483
230.283900 379.136000 273.112244 379.869415
228.445400 381.408600 271.594788 382.329041
226.762700 383.789500 270.243439 384.909485
225.240300 386.284200 269.017731 387.572906
223.870500 388.875300 267.874420 390.274597
222.651800 391.576800 266.856140 393.045288
221.610300 394.407600 266.242096 396.036499
220.731600 397.346700 265.744354 399.081573
220.036100 400.374900 265.434509 402.173187
219.492700 403.546000 265.293060 405.385223
219.131100 406.829700 265.303955 408.670044
218.954900 410.176200 265.579865 412.031860
218.961000 413.566100 266.021271 415.437592
219.145900 416.967900 266.633820 418.852448
219.451900 420.389700 267.324219 422.281799
219.829800 423.806600 268.151154 425.615814
220.310500 427.237200 269.136475 428.961853
220.868900 430.684800 270.213898 432.287231
221.441400 434.161900 271.298889 435.646057
222.038500 437.663400 272.395599 439.015930
222.674200 441.192400 273.507294 442.403351
223.324700 444.766400 274.635590 445.867950
223.976800 448.390400 275.800903 449.440552
224.645100 452.052600 276.990875 453.048462
225.326300 455.738000 278.149292 456.676575
226.013500 459.438200 279.356812 460.288757
226.742700 463.131400 280.661285 463.847260
227.489100 466.830800 281.939972 467.454834
228.247700 470.527000 283.197510 471.072479
229.012100 474.215100 284.458313 474.689667
229.762000 477.897100 285.763000 478.299561
230.499300 481.567900 287.082245 481.841827
231.252900 485.238400 288.395142 485.384186
232.010300 488.886300 289.695923 488.928619
232.763300 492.531800 290.981018 492.511841
233.545900 496.169700 292.280396 496.070618
234.328200 499.811600 293.591248 499.638580
235.108100 503.420000 294.904877 503.195496
235.907500 507.019800 296.220398 506.674286
236.703700 510.603300 297.455963 510.160492
237.481000 514.162500 298.627808 513.641785
238.249000 517.704200 299.843964 517.115295
239.014400 521.230500 301.145477 520.527100
239.746800 524.741600 302.438141 523.926575
240.436600 528.231300 303.674561 527.343323
241.102000 531.689500 304.878448 530.702942
241.740900 535.133300 306.080261 534.031433
242.359400 538.550300 307.256439 537.374451
242.993900 541.935900 308.426788 540.697205
243.655500 545.295800 309.617432 543.985291
244.307800 548.630700 310.817993 547.270691
244.986700 551.924500 312.045685 550.518127
245.686600 555.189800 313.291687 553.725647
246.402300 558.403000 314.529816 556.868591
247.160300 561.604000 315.783997 559.959290
247.954300 564.747800 317.033386 562.974121
248.799800 567.843200 318.354248 565.985107
249.719700 570.881500 319.732819 568.898315
250.691800 573.875500 321.144379 571.763367
251.722500 576.816900 322.586334 574.527527
252.792400 579.719200 324.101898 577.288452
253.899200 582.619100 325.613708 580.035706
254.999400 585.538800 327.153168 582.795898
256.084000 588.464600 328.660675 585.574524
257.132200 591.413100 330.130493 588.353271
258.142200 594.337700 331.614502 591.132874
259.143500 597.295100 333.086304 593.987305
260.132300 600.227900 334.511108 596.799683
261.124300 603.146400 335.906036 599.525635
262.175000 606.016800 337.362518 602.221191
263.321800 608.844200 338.877411 604.912659
264.592700 611.600700 340.524567 607.591248
266.012800 614.279900 342.278534 610.167175
267.588100 616.881700 344.216797 612.542542
269.323800 619.428300 346.301727 614.858337
271.210100 621.881800 348.515137 617.095642
273.238300 624.254900 350.859314 619.225098
275.373300 626.509900 353.332703 621.232422
277.623300 628.637000 355.865143 623.139465
279.976600 630.608900 358.444611 624.800293
282.453700 632.438800 361.177338 626.308838
285.065600 634.108700 364.051483 627.635559
287.781800 635.684200 367.018768 628.896729
290.614800 637.170400 370.033112 630.000671
293.572000 638.551300 373.225555 631.029358
296.640000 639.897800 376.537354 631.951660
299.815900 641.203200 379.889984 632.806641
303.076400 642.494500 383.281982 633.681519
306.357100 643.765800 386.723419 634.512939
309.674900 645.021300 390.205597 635.287659
312.999700 646.243800 393.722900 636.007812
316.341000 647.457400 397.238800 636.735352
319.656500 648.689200 400.746521 637.479431
322.948500 649.961000 404.245972 638.250793
326.166800 651.311700 407.699585 639.085571
329.336100 652.739100 411.055023 639.943054
332.444200 654.205600 414.358215 640.915283
335.400500 655.659200 417.596588 641.856567
338.177900 657.091100 420.678467 642.859558
340.853600 658.520100 423.557312 643.898621
343.392000 659.901300 426.388092 644.816223
345.797500 661.222900 429.100250 645.708923
348.061700 662.470200 431.583221 646.587341
350.227800 663.663600 433.986755 647.414307
352.269800 664.764500 436.303131 648.173279
354.171500 665.743600 438.385376 648.854675
355.867200 666.596600 440.341156 649.447754
357.385800 667.323400 442.159241 649.994507
358.688300 667.945100 443.835541 650.496704
359.785500 668.454700 445.300568 650.913635
360.684700 668.879300 446.582947 651.272583
361.448900 669.240500 447.463013 651.492615
362.202200 669.609800 448.202698 651.698547
362.884200 670.041700 448.977142 651.992554
363.544500 670.582800 449.718292 652.379822
364.209800 671.330500 450.507446 652.940674
364.845000 672.309500 451.302765 653.732849
365.349200 673.552400 452.056274 654.777466
365.693100 675.079000 452.704590 656.030090
365.765200 676.782400 453.173035 657.473267
365.523700 678.539500 453.458923 659.072998
365.089100 680.489300 453.587677 660.793945
364.466100 682.514600 453.595917 662.605042
363.616300 684.610800 453.413452 664.572205
362.501500 686.760700 453.001129 666.692932
361.240200 688.988000 452.284241 669.078979
359.916600 691.336700 451.433990 671.654602
358.517400 693.800300 450.534729 674.317261
357.035700 696.407500 449.578583 677.141357
355.508800 699.115600 448.601837 680.059814
353.904300 701.929300 447.553345 683.086487
352.257400 704.823800 446.421478 686.224426
350.567500 707.796400 445.278198 689.442566
348.841400 710.853200 444.117889 692.747009
347.061700 713.947900 442.856842 696.091431
345.240600 717.126500 441.579437 699.509888
343.396200 720.384700 440.316437 702.992859
341.517100 723.688800 439.028870 706.524841
339.619000 727.060600 437.740021 710.126282
337.697800 730.488300 436.432007 713.788025
335.746300 733.965100 435.107697 717.475342
333.767200 737.500800 433.759857 721.230469
331.787300 741.093200 432.413055 725.040100
329.802100 744.697600 431.056122 728.908752
327.822700 748.252900 429.669189 732.808472
325.882900 751.750500 428.296173 736.664917
323.953700 755.221900 426.929504 740.492371
322.019400 758.698600 425.603790 744.257263
320.037700 762.177600 424.238281 748.030701
318.097700 765.622300 422.884613 751.765259
316.183200 769.057500 421.547974 755.472656
314.250000 772.494900 420.202545 759.168701
312.275800 775.931500 418.849457 762.942749
310.254000 779.359500 417.460205 766.720093
308.122800 782.782800 415.934387 770.429077
305.862800 786.166800 414.285187 774.106323
303.500700 789.503100 412.543976 777.788696
300.970800 792.776600 410.654297 781.509827
298.346100 795.948700 408.581268 785.050171
295.632400 799.046800 406.405273 788.496765
292.854400 802.131000 404.179047 791.973022
290.021900 805.167500 401.903656 795.447693
287.126600 808.146600 399.559998 798.849060
284.119000 811.063300 397.111145 802.216309
281.041800 813.860300 394.532318 805.515869
277.869300 816.545900 392.014343 808.731323
274.646800 819.105600 389.433655 811.815186
271.386100 821.531200 386.517120 814.683777
268.116800 823.813700 383.647644 817.488037
264.867100 825.970500 380.771515 820.166138
261.611600 828.060300 377.884460 822.762695
258.412200 830.064600 375.013550 825.289917
255.270800 831.964500 372.173431 827.707642
252.165400 833.785500 369.393372 830.067078
249.035500 835.465400 366.654907 832.277527
245.676600 836.941500 363.992432 834.362244
242.526400 838.395100 361.381409 836.369507
239.649200 839.782300 358.930756 838.273743
236.954200 841.095200 356.581818 840.084351
234.477400 842.339200 354.406525 841.751221
232.193600 843.528700 352.392944 843.327209
230.093400 844.639300 350.529907 844.776672
228.164600 845.633300 348.827637 846.111206
226.339700 846.487500 347.219543 847.308838
224.559800 847.148600 345.589783 848.343079
222.862900 847.611100 343.990723 849.170410
221.160000 847.853200 342.362213 849.768005
219.343600 847.650900 340.628510 850.112671
217.613700 847.228800 338.830444 850.107422
215.983200 846.459000 337.052216 849.836731
214.496600 845.376700 335.327362 849.301392
213.166300 844.015600 333.678925 848.517578
211.989600 842.443000 332.126770 847.536682
210.942500 840.673500 330.673981 846.270630
210.015200 838.668700 329.396820 844.430847
209.177100 836.492300 328.141571 842.465942
208.420100 834.203400 326.915436 840.440063
207.685300 831.756600 325.702942 838.288757
206.966400 829.169500 324.506104 835.886963
206.234900 826.499600 323.340485 833.355652
205.491300 823.727800 322.140045 830.768372
204.726900 820.872900 320.917328 828.148804
203.960100 817.947300 319.679688 825.490479
203.188700 814.944500 318.429535 822.795105
202.387700 811.853000 317.151337 820.040955
201.557100 808.685000 315.820068 817.173096
200.707000 805.446700 314.408264 814.110962
199.837600 802.169300 312.995575 811.001770
198.959100 798.853000 311.583160 807.864502
198.078300 795.512000 310.156799 804.723877
197.208100 792.134200 308.724792 801.566162
196.331500 788.727300 307.278564 798.386658
195.393800 785.296400 305.810577 795.180542
194.407000 781.832200 304.232147 791.899536
193.372100 778.361600 302.623138 788.616821
192.268500 774.862700 300.979492 785.323914
191.104500 771.351900 299.283295 782.029114
189.900200 767.803200 297.524445 778.717285
188.697400 764.215300 295.737152 775.374756
187.525500 760.573100 293.940430 771.983582
186.417200 756.874800 292.168640 768.533691
185.391100 753.140200 290.450134 765.021729
184.425300 749.376100 288.816986 761.455383
183.505800 745.586000 287.219269 757.851318
182.630800 741.760500 285.649567 754.208923
181.799600 737.920600 284.097809 750.581482
180.995700 734.046000 282.579987 746.928650
180.235100 730.165100 281.052917 743.235168
179.509000 726.267300 279.537598 739.487000
178.782600 722.358000 278.029572 735.741821
178.060700 718.433400 276.604401 731.960388
177.362100 714.485400 275.205292 728.157288
176.683600 710.485300 273.809448 724.316406
176.012100 706.523900 272.441895 720.478699
175.366700 702.573200 271.080536 716.645569
174.771600 698.664000 269.762909 712.835571
174.208700 694.786000 268.484253 709.064331
173.664500 690.971400 267.237579 705.345459
173.120400 687.194400 266.005096 701.690002
172.609800 683.452500 264.765411 698.071045
172.111300 679.757200 263.546722 694.481506
171.620100 676.075400 262.340912 690.903564
171.116500 672.425100 261.142059 687.346558
170.597300 668.791300 259.930542 683.802368
170.061700 665.158300 258.729767 680.267456
169.508500 661.515700 257.526886 676.724609
168.924400 657.855800 256.310730 673.187256
168.353600 654.164700 255.097214 669.623657
167.787000 650.469600 253.901230 666.048157
167.241700 646.760000 252.719101 662.459717
166.711700 643.033600 251.524582 658.863342
166.161900 639.298500 250.318466 655.252747
165.603300 635.547200 249.109421 651.636108
165.019900 631.781100 247.892044 648.006775
164.407900 627.989800 246.657181 644.352173
163.795100 624.165700 245.419952 640.684814
163.188600 620.333500 244.132233 637.018982
162.585900 616.485800 242.835678 633.336121
162.003800 612.637200 241.559723 629.641052
161.404000 608.796100 240.325287 625.935669
160.758000 604.972100 239.066483 622.225830
160.133600 601.135300 237.757294 618.516907
159.495800 597.273400 236.454865 614.798950
158.840300 593.366000 235.193497 611.052063
158.208600 589.447000 233.906555 607.300354
157.580800 585.515400 232.617310 603.533081
156.942900 581.558400 231.327057 599.739624
156.315100 577.584700 230.048279 595.937195
155.693100 573.602200 228.755142 592.125977
155.097900 569.612100 227.453354 588.303833
154.494600 565.631700 226.156662 584.475525
153.882900 561.635800 224.850586 580.653809
153.275400 557.661700 223.562744 576.866394
152.657100 553.699500 222.287369 573.065613
152.007000 549.736100 220.958298 569.241272
151.335500 545.780700 219.648880 565.415344
150.702300 541.830000 218.343872 561.602417
150.111100 537.863200 217.037415 557.791443
149.565800 533.878000 215.729111 553.979248
149.070700 529.886400 214.434814 550.163574
148.583300 525.892200 213.151337 546.347717
148.098100 521.899600 211.887787 542.523743
147.615200 517.906000 210.641525 538.704346
147.078600 513.924800 209.361603 534.879822
146.557400 509.928000 207.975311 530.930786
145.990800 505.947400 206.575867 526.938354
145.414200 501.983900 205.192627 522.970398
144.839400 498.023200 203.818695 519.032471
144.237000 494.066600 202.426208 515.107605
143.642200 490.086700 201.021332 511.188934
143.093600 486.100600 199.646606 507.355988
142.520000 482.109500 198.261612 503.553711
141.953600 478.120000 196.893768 499.736023
141.409200 474.120700 195.539215 495.907410
140.866200 470.116800 194.306076 492.086182
140.329900 466.129000 193.143829 488.280029
139.802900 462.170200 191.983978 484.503418
139.285200 458.259400 190.777267 480.781128
138.767400 454.380800 189.455704 477.095398
138.265200 450.537100 188.186691 473.423889
137.781900 446.703500 187.048065 469.739868
137.326700 442.890000 185.890350 466.078705
136.905100 439.064700 184.705215 462.370972
136.518100 435.237300 183.506058 458.651703
136.143200 431.414200 182.328674 454.930176
135.825400 427.592200 181.221115 451.204865
135.543200 423.737300 180.173553 447.453339
135.270100 419.908100 179.173416 443.707672
135.035900 416.031200 178.222473 439.933014
134.860400 412.167200 177.344742 436.167023
134.729600 408.319200 176.514954 432.411957
134.657500 404.515600 175.719040 428.676331
134.622800 400.768700 174.956024 424.973480
134.596400 397.079600 174.223526 421.315186
134.623000 393.460300 173.549927 417.713745
134.664700 389.903700 172.915009 414.165955
134.742900 386.395400 172.316788 410.705872
134.849100 382.945500 171.759277 407.287506
134.972000 379.565400 171.199112 403.903564
135.131800 376.244700 170.651123 400.542023
135.333900 373.018200 170.146896 397.229218
135.556500 369.861200 169.704758 393.988434
135.838900 366.777100 169.339203 390.900970
136.225700 363.791900 169.073730 387.880676
136.738700 360.891300 168.955688 384.910583
137.359000 358.081000 169.031708 382.017029
138.112400 355.303200 169.177338 379.164948
138.966200 352.534800 169.426132 376.270538
139.893600 349.805900 169.750824 373.387665
140.896000 347.157200 170.176559 370.559052
141.971400 344.579000 170.673080 367.779083
143.130500 342.084500 171.281601 365.061951
144.392300 339.674500 172.031433 362.440552
145.777400 337.332100 172.895889 359.884460
147.331500 335.073900 173.901443 357.343475
149.057400 332.893100 175.109833 354.809875
150.967000 330.772000 176.492844 352.335541
153.050000 328.762800 178.013840 349.895325
155.286900 326.913400 179.725708 347.561096
157.696000 325.210700 181.727127 345.349152
160.258100 323.696400 183.921722 343.330780
162.973100 322.395300 186.282944 341.483795
165.832800 321.314600 188.838440 339.848633
168.823000 320.455500 191.549454 338.362366
171.915000 319.751800 194.384552 337.006714
175.093600 319.154400 197.418900 336.155090
178.356600 318.621500 200.537628 335.465637
181.670600 318.107800 203.652573 334.010925
184.954100 317.552100 206.916199 332.778687
188.360600 317.014600 210.283188 331.647308
191.810500 316.498600 213.681717 330.477570
195.303300 315.956300 217.094650 329.300415
198.810200 315.370500 220.500320 328.099976
202.319700 314.727700 223.862137 326.835846
205.854900 314.018600 227.211761 325.505859
209.382100 313.210000 230.559265 324.118683
212.873900 312.313500 233.861588 322.664368
216.282400 311.315800 237.050735 321.049713
219.602300 310.211800 240.125046 319.356171
222.828600 308.969500 243.110352 317.602936
225.892800 307.618500 245.944519 315.761353
228.857400 306.132600 248.685532 313.790649
231.705300 304.510000 251.273865 311.707092
234.404500 302.795000 253.787537 309.556824
236.964200 301.022400 255.952103 307.370483
239.357400 299.191600 257.966858 305.160248
241.573300 297.348000 259.919830 302.890228
243.583200 295.531300 261.675323 300.650909
245.364000 293.745300 263.093994 298.539276
246.928300 292.003400 264.396576 296.478912
248.255900 290.313300 265.571991 294.467621
249.318200 288.712300 266.600128 292.538483
250.170400 287.137600 267.440063 290.678741
250.789300 285.600000 268.013123 288.918243
251.165900 284.019700 268.338165 287.195068
251.314100 282.347000 268.372803 285.508545
251.208600 280.685900 268.079590 283.882660
250.772400 279.031200 267.411774 282.334900
249.999900 277.363100 266.325012 280.890167
248.862600 275.742500 265.063965 279.491486
247.391400 274.199800 263.562775 278.212646
245.604100 272.717600 261.836151 277.028839
243.606700 271.249000 259.936676 275.895416
241.483200 269.657000 257.528595 274.784882
239.255900 267.931300 255.005798 273.593445
236.942400 266.062700 252.397903 272.306763
234.573400 264.060900 249.773453 270.876801
232.194200 261.911300 246.999939 269.242676
229.828600 259.643500 244.213730 267.519409
227.459400 257.285700 241.421951 265.739868
225.117700 254.818300 238.630386 263.798737
222.794900 252.268100 235.831543 261.767242
220.539900 249.684100 233.025757 259.722748
218.379000 247.150200 230.303497 257.680939
216.331900 244.688600 227.677383 255.656662
214.447100 242.296600 225.143356 253.667938
212.738900 239.986300 222.708557 251.698074
211.155100 237.800000 220.407730 249.792236
209.645500 235.806000 218.206406 248.005722
208.153800 234.063200 216.300476 246.485397
206.642600 232.599300 214.557907 245.191467
205.050700 231.388700 212.743423 244.240128
203.386000 230.453900 210.748215 243.690857
201.568800 229.804200 208.762283 243.317245
199.652600 229.469400 206.770126 243.118225
197.649300 229.448700 204.777023 243.221527
195.695200 229.808500 202.815308 243.777176
193.757500 230.545900 200.959686 244.549225
191.873400 231.575500 199.175903 245.555984
190.008500 232.786900 197.432434 246.712662
188.027800 234.075600 195.641541 247.954071
185.893500 235.390300 193.748764 249.310593
183.609800 236.705800 191.763397 251.106125
181.165200 238.005100 189.614883 252.898499
178.517300 239.254000 187.260849 254.647110
175.726900 240.407000 184.748596 256.341675
172.707400 241.421200 182.077637 257.870392
169.603600 242.357600 179.338730 259.372559
166.445500 243.209000 176.517410 260.846893
163.269700 243.975200 173.614487 262.246857
160.018600 244.710100 170.675095 263.638428
156.736700 245.397400 167.705719 265.015137
153.408400 246.036100 164.587875 266.315796
150.090200 246.634600 161.448792 267.592133
146.806300 247.228400 158.315292 268.800964
143.505000 247.801600 155.190216 269.991974
140.209300 248.367500 152.054825 271.217255
136.935100 248.926700 148.962479 272.437012
133.701200 249.482000 145.887207 273.659454
130.512300 250.041400 142.824005 274.910156
127.368600 250.623000 139.794479 276.213165
124.279500 251.271600 136.825012 277.548157
121.226800 251.988400 133.881393 278.924042
118.235900 252.796200 130.984863 280.356354
115.296000 253.710500 128.166519 281.808563
112.410900 254.793600 125.416924 283.405457
109.550100 256.073600 122.769104 285.126099
106.765300 257.559400 120.199684 286.980865
104.058300 259.195200 117.789207 289.144867
101.451300 260.983800 115.492218 291.426147
98.958900 262.930000 113.304482 293.777496
96.560750 265.038400 111.197853 296.274811
94.233290 267.302400 109.264870 299.032257
91.992660 269.682500 107.416718 301.848877
89.872160 272.215300 105.768242 304.775085
87.867480 274.902800 104.292763 307.808655
85.990600 277.735000 102.931152 310.919037
84.244040 280.710100 101.672852 314.149902
82.619100 283.777000 100.526657 317.458099
81.079690 286.968600 99.487373 320.876282
79.784310 290.233300 98.865402 324.506561
78.568560 293.653400 98.322083 328.327423
77.471470 297.091000 97.824081 332.015320
76.507590 300.590600 97.499100 335.687286
75.684350 304.118500 97.364220 339.350555
74.993740 307.691900 97.322723 343.021881
74.448540 311.297700 97.450874 346.690674
74.042020 314.935900 97.649216 350.370453
73.771590 318.594800 98.090958 354.058411
73.715910 322.261900 98.647491 357.745728
73.769420 325.907700 99.271904 361.415222
73.817040 329.552100 99.930275 365.018646
74.000290 333.173500 100.607796 368.598938
74.172500 336.809200 101.310883 372.187927
74.344680 340.442200 102.114441 375.780273
74.514430 344.091300 102.963684 379.322601
74.662940 347.746700 103.826721 382.843353
74.736070 351.400000 104.621742 386.377197
74.769320 355.000700 105.380638 389.910767
74.814470 358.586500 106.144424 393.441376
74.746920 362.178000 106.891533 396.996399
74.686830 365.745600 107.608429 400.554932
74.555740 369.317000 108.317253 404.107452
74.360040 372.935200 108.979836 407.672028
74.109450 376.533900 109.563118 411.229797
73.828330 380.133100 110.099007 414.796387
73.476450 383.716600 110.608902 418.379944
73.062260 387.295400 111.041519 421.997589
72.635640 390.839200 111.376122 425.733612
72.123690 394.365700 111.673340 429.405090
71.585570 397.910500 111.925392 433.074005
70.976400 401.435000 112.102692 436.723328
70.311850 404.959700 112.177223 440.363617
69.602670 408.449900 112.223755 444.004425
68.879140 411.948200 112.301430 447.647125
68.139490 415.452800 112.381104 451.305573
67.432580 418.981100 112.422379 454.964691
66.735590 422.501800 112.422859 458.596405
66.031790 425.991100 112.496300 462.192780
65.337700 429.457600 112.601303 465.861145
64.678150 432.971500 112.727875 469.553772
64.092350 436.564700 112.931007 473.263367
63.538820 440.165700 113.166168 476.953247
63.089490 443.780200 113.483215 480.635376
62.687700 447.405600 113.805046 484.292664
62.395430 451.016900 114.228508 487.916779
62.179910 454.600300 114.747314 491.518188
62.016060 458.184800 115.261566 495.117401
61.878910 461.762700 115.866508 498.665070
61.782260 465.339800 116.509338 502.200836
61.711200 468.924000 117.165054 505.756317
61.669710 472.506000 117.833153 509.306335
61.695530 476.094800 118.588799 512.840454
61.729390 479.666900 119.348663 516.352356
61.822870 483.270300 120.157181 519.886169
61.924810 486.878100 120.991638 523.427246
62.056550 490.478600 121.809059 526.990479
62.176020 494.117900 122.619965 530.562073
62.266690 497.773900 123.420204 534.119446
62.330910 501.484400 124.240082 537.700256
62.383600 505.245100 125.080368 541.339722
62.456820 509.016300 126.004700 545.011047
62.639660 512.800600 127.017685 548.667664
62.868350 516.638100 128.083725 552.343384
63.106400 520.456700 129.154861 556.009705
63.367240 524.259400 130.257751 559.684570
63.593570 528.081800 131.266785 563.417542
63.801530 531.888200 132.327774 567.080383
64.024540 535.667900 133.343781 570.743042
64.206830 539.467500 134.319550 574.434631
64.344710 543.234900 135.278320 578.090942
64.496310 546.996900 136.252686 581.735840
64.631930 550.743000 137.188614 585.364014
64.749170 554.462700 138.006775 589.081238
64.914610 558.167300 138.900391 592.750122
65.103700 561.867200 139.880371 596.401123
65.335960 565.517200 140.904831 599.957642
65.569200 569.190200 141.849640 603.498840
65.794250 572.863800 142.851959 607.073486
65.979210 576.521900 143.831512 610.648865
66.180050 580.172300 144.796371 614.224426
66.362280 583.853000 145.776382 617.838196
66.538350 587.515200 146.736954 621.441467
66.682270 591.168900 147.661682 625.041443
66.777600 594.811400 148.519272 628.627869
66.890400 598.420300 149.350754 632.166870
67.026690 602.042900 150.270691 635.699158
67.177460 605.622900 151.188110 639.234741
67.323020 609.198300 152.098190 642.752014
67.450500 612.758000 152.995590 646.296082
67.653570 616.289300 153.937637 649.763367
67.878290 619.813700 154.916199 653.219116
68.154010 623.308500 155.919006 656.637085
68.437020 626.799600 156.960770 660.032104
68.771410 630.257700 158.015442 663.396057
69.202550 633.695200 159.176392 666.706970
69.600670 637.103300 160.290421 669.986206
70.036830 640.488700 161.211151 673.298096
70.506270 643.807100 162.459656 676.372742
70.892770 647.161500 163.681671 679.506348
71.232770 650.443300 164.756866 682.637085
71.580170 653.720500 165.830185 685.755066
71.988160 656.939000 166.904449 688.871643
72.305150 660.204100 167.960526 691.984741
72.604120 663.408400 168.950058 695.083008
72.917010 666.635000 169.921768 698.193909
73.242550 669.852400 170.879791 701.319397
73.637330 673.050100 171.842957 704.457092
74.027710 676.284300 172.875717 707.636230
74.459600 679.526800 174.063690 710.753845
74.950660 682.820100 175.266510 713.902771
75.485380 686.101000 176.483978 717.043213
75.997000 689.438300 177.729706 720.204529
76.620780 692.817900 179.023453 723.390198
77.255750 696.266300 180.339325 726.635010
77.860920 699.720200 181.786026 729.880005
78.456960 703.252300 183.188843 733.200073
79.046650 706.838300 184.525070 736.587463
79.748960 710.431700 185.926788 739.981323
80.377820 714.087800 187.335999 743.406860
80.984990 717.795000 188.767136 746.843689
81.568530 721.524100 190.255371 750.313843
82.226950 725.230100 191.781479 753.759583
82.971570 728.932500 193.337738 757.201782
83.716810 732.637800 194.958054 760.645630
84.461420 736.340000 196.645844 764.125977
85.205890 740.041500 198.384033 767.554199
85.988280 743.734800 200.291016 770.901550
86.881120 747.371500 202.147598 774.206055
87.770200 751.019300 204.049332 777.401672
88.659140 754.657900 205.921921 780.545105
89.568830 758.256300 207.673950 783.810181
90.529500 761.919200 209.441849 787.140991
91.504420 765.495400 211.294098 790.374329
92.518360 769.126400 213.206726 793.596252
93.541990 772.703400 215.114182 796.776855
94.615270 776.302000 217.073517 799.905212
95.687250 779.833200 219.101166 802.914062
96.764590 783.369100 221.046341 806.001221
97.857970 786.887700 222.976990 809.086121
98.977700 790.363900 224.889420 812.127441
100.102700 793.842400 226.796936 815.248535
101.281700 797.278800 228.730347 818.302856
102.480100 800.701200 230.738449 821.270142
103.706800 804.080200 232.730286 824.292053
104.948300 807.449200 234.756760 827.276062
106.192400 810.798000 236.724655 830.252441
107.467000 814.117100 238.780701 833.184570
108.775000 817.411500 240.809235 836.096558
110.077600 820.689800 242.837875 838.986084
111.337000 823.916800 244.832596 841.787537
112.595900 827.082700 246.824844 844.538574
113.862500 830.153000 248.799622 847.208374
115.118400 833.166500 250.749130 849.885315
116.423500 836.128900 252.721786 852.480774
117.895400 839.037200 254.826843 855.037598
119.447600 841.885100 256.992950 857.519592
121.088600 844.701900 259.242218 859.941162
122.872100 847.290700 261.533112 862.202515
124.724400 849.810800 263.881042 864.284485
126.575500 852.329600 266.239868 866.109863
128.426600 854.848600 268.655945 867.882629
130.276800 857.367000 270.981750 869.378662
132.127400 859.883600 273.331726 870.893738
133.992200 862.014800 275.642731 872.249146
135.814600 864.035300 277.723572 873.363159
137.604800 865.988300 279.560791 874.272766
139.298200 867.835900 281.259644 875.073181
140.919200 869.609300 283.226959 876.176270
142.486000 871.338400 285.006805 877.186401
143.940800 872.954000 286.653748 878.142029
145.300100 874.412900 288.413757 879.242981
146.559000 875.661600 289.956726 880.136414
147.650800 876.418400 291.296875 880.842529
148.685500 877.020600 292.442200 881.310181
149.713200 877.623900 293.285065 881.561340
150.732500 878.227900 294.364014 881.836243
151.742600 878.831700 295.374969 882.059753
152.808100 879.342000 296.348114 882.188293
154.068700 879.516900 297.392029 882.174683
155.413300 879.479400 298.404633 881.978943
156.888700 879.272300 299.379272 881.519348
158.478100 878.881900 300.311188 880.832092
160.134900 878.287500 301.184265 879.919983
161.860100 877.489100 302.212250 878.727905
163.672500 876.562600 303.569305 877.145752
165.594100 875.530000 305.102631 875.712708
167.624000 874.437100 306.742615 874.197021
169.770000 873.289900 308.339386 872.530823
172.035600 872.094100 309.814209 870.660583
174.385300 870.862300 311.959564 869.074158
176.854600 869.589200 314.242371 867.429199
179.401000 868.288100 316.581635 865.731018
181.975500 866.969700 318.958710 864.026306
184.536700 865.639500 321.303223 862.273315
187.062400 864.284700 323.578949 860.457764
189.538900 862.924800 325.730896 858.564514
191.918900 861.611300 327.752258 856.741882
194.206900 860.315700 329.792358 855.024231
196.343300 858.956400 331.686493 853.283997
198.368400 857.888200 333.573883 851.646362
200.275000 856.919100 335.100098 850.118530
202.193600 856.085800 336.867401 848.973755
204.073500 855.496400 338.600342 847.962952
205.960400 855.183900 340.247742 847.081726
207.864300 855.202100 341.807739 846.300293
209.713700 855.529100 343.262482 845.668335
211.499200 856.220700 344.628967 845.213013
213.188100 857.107700 345.878510 844.906128
214.784400 858.522000 346.998810 844.775269
216.227100 860.190500 347.978790 844.784790
217.589200 862.100400 349.083649 845.398315
218.870200 864.194100 350.646301 847.271545
220.036500 866.491500 352.113037 849.245117
221.092500 868.955100 353.491577 851.493347
222.159200 871.551200 354.897491 853.843445
223.261300 874.233400 356.310760 856.244812
224.402100 877.003500 357.775391 858.765320
225.538100 879.835200 359.231171 861.329102
226.647400 882.714200 360.686859 863.948914
227.713000 885.605500 362.140137 866.621582
228.729800 888.498800 363.578156 869.310303
229.740400 891.364700 364.961212 871.946594
230.756400 894.190300 366.495178 874.460327
231.798000 896.975600 367.919983 877.062744
232.862200 899.689300 369.338776 879.596863
234.006400 902.314400 370.822052 882.059448
235.284000 904.779800 372.413422 884.331543
236.717300 907.106500 374.088776 886.454773
238.297800 909.282700 375.819611 888.368347
240.026200 911.279800 377.594147 890.058472
241.899800 913.107900 379.695343 891.802734
243.969200 914.753500 381.856171 893.334961
246.167200 916.200700 384.063263 894.628052
248.519300 917.425900 386.477295 895.353455
250.970500 918.372900 388.963440 896.014771
253.540200 919.159700 391.495056 896.437500
256.240400 919.688000 394.079071 896.592957
259.064500 919.965800 396.857452 896.428894
262.004800 920.092700 399.825378 896.166077
265.032800 920.081200 402.840454 895.757812
268.210100 920.078400 405.912811 895.203857
271.495300 919.927300 409.045258 894.520203
274.820000 919.698100 412.211060 893.749634
278.229300 919.336300 415.515686 892.932678
281.674700 918.885400 418.846283 892.031006
285.133600 918.345800 422.287506 891.061829
288.622600 917.728600 425.706970 889.957886
292.132800 917.013700 429.145325 888.763062
295.617300 916.238200 432.588409 887.443787
299.090900 915.358200 435.973267 886.163452
302.533100 914.353500 439.317291 884.797241
305.943200 913.309900 442.609436 883.349243
309.311700 912.191400 445.872894 881.811584
312.679900 911.045400 449.090759 880.293579
316.061700 909.902400 452.308472 878.698608
319.450400 908.753400 455.595734 877.052185
322.840000 907.560400 458.853058 875.400635
326.249400 906.356000 462.099976 873.731262
329.691100 905.139800 465.361206 872.053589
333.195400 903.900600 468.666412 870.345093
336.754600 902.625300 472.079010 868.597290
340.384100 901.328400 475.578400 866.830322
344.064600 899.969000 479.093445 865.000732
347.769700 898.590900 482.700928 863.148193
351.401700 897.220500 486.242249 861.316772
354.975200 895.841100 489.673981 859.499878
358.485000 894.463600 493.036591 857.658508
361.949500 893.084300 496.344940 855.817200
365.336200 891.732700 499.571289 854.034851
368.619200 890.389400 502.705780 852.273987
371.749500 889.112100 505.742950 850.612244
374.681800 887.918900 508.568939 849.089966
377.389200 886.824500 511.228058 847.710999
379.874900 885.837000 513.829529 846.390625
382.177900 884.931600 516.376221 845.124878
384.328100 884.100300 518.915344 843.913757
386.400700 883.311200 520.879944 842.914673
388.376900 882.536800 522.838196 841.903931
390.309000 881.774800 524.808777 840.897888
392.306100 880.993700 526.844727 839.844055
394.377700 880.162100 528.952759 838.730835
396.550200 879.262200 531.174011 837.544800
398.842300 878.314900 533.483887 836.289795
401.259600 877.339000 535.879089 834.985779
403.789800 876.325100 538.361084 833.626099
406.435900 875.291100 540.851929 832.218872
409.217000 874.214500 543.457642 830.765137
412.118100 873.111300 546.142273 829.263367
415.118700 871.959800 548.953430 827.739014
418.218100 870.771000 551.851196 826.175415
421.393100 869.520300 554.836487 824.550049
424.627300 868.193200 557.892700 822.865112
427.914800 866.771900 560.982727 821.074097
431.247800 865.254500 564.122131 819.145386
434.552400 863.690400 567.235168 817.182495
437.807500 862.081600 570.296936 815.185303
440.966600 860.444200 573.267212 813.180481
444.049200 858.816700 576.159607 811.164001
447.069000 857.193700 579.008484 809.138794
450.037100 855.607100 581.859436 807.142639
452.944600 854.081100 584.728271 805.161743
455.777600 852.654400 587.605042 803.220276
458.467600 851.383400 590.447571 801.362488
460.990700 850.198200 592.810059 799.881714
463.426800 849.070300 595.142151 798.443054
465.787600 847.990900 597.405151 797.064880
468.094900 846.950600 599.606384 795.752136
470.366800 845.937300 601.847229 794.432800
472.708100 844.897600 604.141541 793.086853
475.121700 843.800400 606.411926 791.681641
477.587500 842.683800 608.770325 790.223022
480.152400 841.532300 611.207397 788.729858
482.766300 840.339500 613.680603 787.179443
485.445100 839.143200 616.208252 785.584656
488.188300 837.891400 618.804199 783.936340
490.987500 836.623000 621.403870 782.310730
493.803100 835.351100 624.053955 780.631287
496.624700 834.094400 626.768555 778.916809
499.474300 832.809600 629.484802 777.221741
502.358500 831.502600 632.211731 775.512390
505.286800 830.236700 634.964539 773.784607
508.248000 828.948300 637.775513 772.027039
511.244100 827.658100 640.597412 770.242371
514.267100 826.347100 643.483643 768.422302
517.327800 825.031500 646.440430 766.570923
520.388500 823.719100 649.468323 764.698608
523.389100 822.420300 652.284546 762.916565
526.283400 821.190400 655.099731 761.158081
529.057000 820.023600 657.792847 759.565308
531.704800 818.934000 660.414429 758.091614
534.226500 817.916400 663.020386 756.659058
536.656700 816.946600 665.384094 755.293396
539.023500 815.952900 667.609009 754.025024
541.317300 814.866300 669.792603 752.645874
543.532000 813.688600 671.879761 751.142090
545.686900 812.396800 673.859131 749.569702
547.734700 810.971800 675.780273 747.943420
549.629400 809.339400 677.659790 746.194519
551.297600 807.502100 679.450928 744.250793
552.779900 805.465100 681.044800 742.043274
554.025400 803.122900 682.169434 739.568787
555.053800 800.603800 682.985107 736.926208
555.833800 797.890700 683.623230 734.134583
556.486200 795.031700 684.246948 731.243652
557.103100 792.043700 684.518066 728.149231
557.706900 788.950900 684.808105 724.935425
558.314100 785.757400 685.155151 721.608887
558.963000 782.480200 685.323303 718.213928
559.664300 779.132300 685.570435 714.704285
560.383500 775.702500 685.886475 711.091919
561.143700 772.190100 686.285522 707.367432
561.955700 768.606200 686.760925 703.556274
562.794300 764.921400 687.282776 699.639160
563.665600 761.194600 687.728821 695.728210
564.512000 757.439400 688.097168 691.860901
565.360500 753.691900 688.464294 687.993774
566.202300 749.955700 688.885742 684.086304
567.038700 746.210000 689.125793 680.231689
567.914000 742.455400 689.497925 676.368896
568.809800 738.700200 690.006592 672.480896
569.651600 734.948800 690.547546 668.542114
570.504400 731.165000 691.024719 664.546631
571.381700 727.390900 691.311340 660.673218
572.231200 723.645800 691.621887 656.854004
573.054100 719.904800 691.929321 653.030029
573.889700 716.163100 692.264038 649.173218
574.718600 712.404800 692.619507 645.275940
575.527100 708.639600 692.995361 641.340393
576.261300 704.869800 693.317566 637.395630
576.930700 701.064300 693.466858 633.515381
577.575900 697.234700 693.631470 629.589111
578.192400 693.375300 693.759033 625.552856
578.778500 689.496000 693.859253 621.420715
579.345900 685.591800 693.994019 617.228210
579.857300 681.665400 694.081360 613.067688
580.310600 677.720500 694.018372 609.077759
580.758800 673.746400 693.985413 605.010193
581.155000 669.796200 693.982788 600.896729
581.510700 665.865700 693.903198 596.892944
581.822900 661.969700 693.778625 592.960754
582.077900 658.112900 693.667969 589.018311
582.273900 654.274900 693.542114 585.024414
582.437900 650.427100 693.408325 580.979187
582.599800 646.577200 693.282654 576.879639
582.753900 642.693800 693.053711 572.660217
582.851400 638.813400 692.640503 568.736267
582.898800 634.890000 692.152161 564.786926
582.982400 630.949500 691.735474 560.808350
583.073100 627.003400 691.321228 556.802856
583.192100 623.061600 690.849121 552.804382
583.328900 619.143000 690.446838 548.827454
583.475300 615.223700 690.116577 544.882874
583.625900 611.282200 689.802856 540.918701
583.720700 607.341100 689.523621 536.908752
583.834500 603.396300 689.262268 532.881653
583.934300 599.462000 689.007629 528.834656
584.036500 595.562800 688.777771 524.791809
584.162200 591.689200 688.479126 520.853943
584.227300 587.867900 688.191711 516.980469
584.317600 584.024500 687.916687 513.107971
584.499000 580.192700 687.673889 509.257294
584.808000 576.397200 687.532043 505.405975
585.238500 572.636300 687.464844 501.557953
585.796800 568.901300 687.518921 497.746613
586.480500 565.193700 687.699463 493.951202
587.248500 561.507600 688.044250 490.205902
588.029900 557.836500 688.409729 486.456787
588.838600 554.171600 688.812439 482.699738
589.673700 550.509400 689.259827 478.933350
590.516100 546.866500 689.732727 475.161774
591.343500 543.261900 690.224976 471.395813
592.132200 539.698600 690.718689 467.655823
592.828000 536.162600 691.183350 463.956635
593.460000 532.659000 691.576477 460.325043
594.031700 529.277200 691.871643 456.917603
594.554500 526.081000 692.167969 453.636230
595.075800 523.072600 692.337097 450.567291
595.617300 520.255100 692.534485 447.621002
596.166400 517.626800 692.750061 444.869995
596.704800 515.143200 692.912231 442.291840
597.194900 512.833500 693.034546 439.858429
597.576200 510.694300 693.127014 437.548920
597.786600 508.667900 693.124329 435.337677
597.747500 506.649500 693.017029 433.156372
597.514600 504.697700 692.717102 431.080597
597.070500 502.800000 692.136902 429.191833
596.402400 500.998300 691.334839 427.401917
595.438900 499.228700 690.334045 425.631866
594.162500 497.526700 689.122375 423.937286
592.513700 495.900800 687.671082 422.359436
590.635600 494.532500 686.004395 420.958160
588.500500 493.343000 684.120972 419.716888
586.178900 492.278900 682.056885 418.600586
583.738500 491.279000 679.541687 417.801300
581.166800 490.215600 676.879700 416.981354
578.490800 489.083700 674.153137 416.128845
575.723500 487.861500 671.214417 415.186432
572.904600 486.554700 668.235046 414.269806
570.042200 485.190900 665.212646 413.259613
567.169200 483.760200 662.167664 412.075378
564.280500 482.280300 659.113586 410.849487
561.350400 480.769600 656.030945 409.607300
558.405800 479.261600 652.933289 408.348572
555.376800 477.743300 649.812073 407.124603
552.348800 476.229900 646.698792 405.929138
549.309400 474.657200 643.575195 404.705322
546.268100 473.067100 640.453003 403.458374
543.205700 471.460400 637.254517 402.094543
540.123400 469.844900 634.037354 400.710815
537.055800 468.227900 630.813904 399.368134
534.039300 466.620500 627.626770 398.052612
531.070100 465.041900 624.470947 396.766479
528.189800 463.496400 621.362427 395.493866
525.392500 461.985300 618.308838 394.248627
522.696400 460.482700 615.335815 393.000183
520.138600 459.018200 612.609924 391.763672
517.756100 457.609300 610.040466 390.547607
515.544600 456.272300 607.613464 389.371033
513.468500 454.993400 605.277893 388.224945
511.515000 453.792000 603.080261 387.120544
509.647000 452.752700 601.118591 386.102356
507.816400 451.952700 599.259094 385.304169
506.024700 451.375100 597.423950 384.796570
504.164400 451.057300 595.576050 384.511719
502.213400 450.955500 593.726196 384.424591
500.360000 451.174600 591.924561 384.526306
498.532400 451.717400 590.175720 384.892395
496.762400 452.594900 588.490540 385.550171
495.085200 453.803100 586.896790 386.503448
493.512800 455.370800 585.415649 387.738708
492.140200 457.192000 584.064087 389.188629
490.899800 459.329000 582.811096 390.854401
489.697100 461.689000 581.616394 392.881989
488.436200 464.216900 580.447754 395.531403
487.065300 466.910000 579.198303 398.301239
485.589500 469.753000 577.888672 401.204010
484.009700 472.740300 576.514832 404.223755
482.314200 475.837000 575.038330 407.466248
480.567300 479.018100 573.530640 410.760620
478.766800 482.282500 571.941101 414.091888
476.977200 485.484200 570.341675 417.537476
475.149800 488.770200 568.694153 421.028351
473.326600 492.020400 567.049988 424.483826
471.475600 495.302800 565.380371 427.958344
469.568200 498.617300 563.670044 431.459839
467.651300 501.958900 561.912903 434.982391
465.708000 505.334400 560.141235 438.525879
463.769100 508.731500 558.394226 442.064941
461.845200 512.161900 556.681519 445.650513
459.919600 515.621400 554.972290 449.255280
457.939000 519.112900 553.261230 452.863159
455.953400 522.620500 551.552856 456.487823
453.935100 526.117100 549.820251 460.115082
451.928900 529.614300 548.059082 463.746552
449.964500 533.134600 546.231995 467.457001
448.010500 536.687300 544.397949 471.188080
446.054100 540.236000 542.577209 474.908234
444.056100 543.807900 540.807068 478.569672
442.049300 547.417800 539.091064 482.300629
440.037800 551.028500 537.369934 486.032593
438.025200 554.634600 535.628540 489.773315
435.977800 558.237500 533.857361 493.517975
433.919500 561.855000 532.071045 497.275635
431.843000 565.470100 530.240356 501.012238
429.767800 569.108300 528.355103 504.756195
427.667800 572.747600 526.443237 508.440308
425.537800 576.435200 524.500244 512.186096
423.436400 580.100900 522.596252 515.917542
421.318500 583.767700 520.663452 519.651245
419.219900 587.449100 518.789856 523.456604
417.120400 591.134600 516.898499 527.255981
415.005200 594.832500 514.986572 531.073425
412.888500 598.541400 513.068604 534.923767
410.755500 602.261600 511.121735 538.724182
408.648800 605.999000 509.251129 542.584900
406.499300 609.720300 507.274445 546.373718
404.349900 613.457900 505.279449 550.179932
402.219500 617.158900 503.291809 553.950562
400.144400 620.804100 501.412354 557.704712
398.088300 624.376000 499.521423 561.346680
396.094000 627.872100 497.643890 564.873291
394.096100 631.363900 495.796082 568.438843
392.096200 634.841100 493.977356 571.997986
390.122200 638.266000 492.155823 575.508118
388.138200 641.719200 490.288300 579.049988
386.190000 645.182000 488.387512 582.546814
384.289400 648.626900 486.502228 586.028442
382.388400 652.005600 484.702637 589.470886
380.473700 655.356700 482.921600 592.873596
378.503900 658.701400 481.118896 596.281189
376.494800 662.062000 479.294525 599.690186
374.499000 665.373200 477.446747 603.195740
372.495100 668.759000 475.491455 606.737793
370.503500 672.182700 473.668640 610.291870
368.470500 675.625200 471.816162 613.902161
366.423200 679.124800 469.931030 617.527710
364.370700 682.649600 467.993317 621.199646
362.295100 686.175900 466.043884 624.848816
360.227100 689.735900 464.080383 628.497742
358.182300 693.297500 462.173187 632.103760
356.109700 696.850900 460.187073 635.609802
354.085800 700.357400 458.217377 639.090637
352.038300 703.859700 456.237762 642.566162
350.008800 707.353700 454.350098 646.146423
347.982700 710.855500 452.470184 649.769714
345.942000 714.320900 450.563751 653.344299
343.906200 717.779200 448.637848 656.881470
341.889600 721.226700 446.707001 660.378052
339.882000 724.654800 444.751282 663.821411
337.868700 728.103400 442.846619 667.325256
335.866200 731.571800 440.953430 670.883850
333.967500 735.105200 439.040497 674.476929
332.130600 738.707000 437.048401 678.054382
330.109000 742.325700 435.067413 681.699463
328.052600 745.993300 433.111908 685.475464
325.960300 749.694700 431.111359 689.247925
323.882400 753.400900 429.099487 692.996216
321.810400 757.046400 427.082428 696.693848
319.688500 760.664000 425.048218 700.356567
317.595700 764.288500 422.974762 703.967590
315.554700 767.892700 420.883057 707.516663
313.514600 771.526200 418.784027 711.042480
311.450700 775.119600 416.723480 714.716736
309.357300 778.629400 414.681091 718.301758
307.194900 782.050500 412.540314 721.753479
304.937400 785.448200 410.221130 725.166321
302.592400 788.799400 407.907654 728.580444
300.153800 792.111000 405.528442 731.936829
297.624000 795.374800 403.069305 735.235046
294.927000 798.539300 400.499481 738.505920
292.185800 801.678500 397.807404 741.683472
289.192200 804.695700 395.002350 744.823608
286.151300 807.624000 392.084106 747.916260
283.065000 810.476300 389.104645 750.930786
280.007100 813.213700 386.083130 753.803650
276.942200 815.904300 383.046021 756.531555
273.811500 818.493600 379.955353 759.070557
270.605600 820.960500 376.745056 761.586060
267.321200 823.303700 373.468048 763.994934
264.005200 825.567800 370.158600 766.363464
260.657900 827.735000 366.805328 768.671692
257.273000 829.813900 363.353485 770.766663
253.861800 831.809200 359.886261 772.635498
250.446800 833.761300 356.453857 774.485413
247.052800 835.652800 353.046051 776.369202
243.677200 837.476800 349.666656 778.186340
240.295500 839.294300 346.283173 780.012512
236.906500 841.089700 342.874481 781.838013
233.510200 842.896300 339.438995 783.668884
230.131200 844.723000 336.047760 785.470398
226.769300 846.514500 332.665833 787.219604
223.408300 848.268000 329.289886 788.916809
220.026300 849.991200 325.916809 790.569946
216.652600 851.728000 322.542114 792.200562
213.269900 853.442300 319.143768 793.872253
209.880600 855.139200 315.740173 795.555664
206.468800 856.885000 312.303497 797.264038
203.010300 858.620500 308.806244 798.973572
199.502700 860.363300 305.276245 800.664307
196.002500 862.107300 301.752075 802.356689
192.526600 863.893400 298.239716 804.050842
189.070200 865.686900 294.748840 805.728394
185.622800 867.526100 291.258118 807.451111
182.188500 869.362900 287.795441 809.283386
178.750800 871.210600 284.305206 810.996155
175.314500 873.051400 280.815765 812.708923
171.878500 874.938000 277.328339 814.466309
168.464000 876.882000 273.857544 816.241638
165.093500 878.898700 270.429779 818.054260
161.793700 881.039600 267.030823 820.055420
158.553600 883.315600 263.684906 822.185669
155.369300 885.727000 260.402863 824.389099
152.279000 888.277000 257.200714 826.750366
149.259200 890.897300 254.084335 829.213196
146.298100 893.633000 251.035828 831.775391
143.341500 896.377900 248.001266 834.429626
140.419600 899.149000 245.002670 837.122253
137.428800 901.883400 241.997070 839.819824
134.430600 904.585400 238.955078 842.466492
131.430500 907.268900 235.896240 845.123047
128.400000 909.942700 232.805923 847.748718
125.387100 912.605700 229.721634 850.359131
122.446000 915.311700 226.710968 853.033752
