0.000000 -0.000000 0.000000 0.000000 0.000000 0.000000
0.020455 2.389887 -0.230922 2.206673 -0.058553 2.273081
0.038167 4.630767 -0.165474 4.359419 -0.062709 4.434176
0.062475 6.584575 -0.041892 6.444411 -0.044571 6.442426
0.078062 8.294502 0.067186 8.390055 -0.015660 8.294404
0.036300 9.647129 0.205543 10.173964 0.023439 9.884645
0.037691 10.755690 0.413002 11.700598 0.079780 11.147408
0.070396 11.572020 0.605996 12.878080 0.148440 12.244793
0.096690 12.008000 0.793509 13.798998 0.220083 13.096520
0.124405 12.280970 0.844612 14.443270 0.258981 13.681952
0.106056 12.366960 0.893477 15.014849 0.303290 14.210903
0.125276 12.480720 1.008512 15.504147 0.347244 14.677747
0.156946 12.590120 1.094719 15.900019 0.379501 15.093873
0.151509 12.702880 1.081999 16.191925 0.351199 15.397998
0.146149 12.836600 1.048185 16.521414 0.304439 15.712356
0.118103 12.986600 1.005251 16.901447 0.284905 16.124332
0.046011 13.251830 0.929416 17.362692 0.226955 16.589340
-0.102743 13.662450 0.793394 17.897690 0.080458 17.170954
-0.377391 14.237180 0.577618 18.489653 -0.173573 17.871458
-0.803739 14.918100 0.254432 19.108097 -0.575088 18.643402
-1.393517 15.599510 -0.172096 19.728039 -1.128612 19.455072
-2.183640 16.257910 -0.706981 20.310999 -1.848268 20.247332
-3.168635 16.891620 -1.416403 20.877119 -2.744435 21.014954
-4.410526 17.491970 -2.304795 21.384800 -3.798439 21.724709
-5.887262 17.957870 -3.373762 21.772619 -5.042102 22.324448
-7.603442 18.241840 -4.689365 22.035713 -6.466735 22.773582
-9.593783 18.333530 -6.233498 22.140123 -8.052400 23.073847
-11.737930 18.262400 -8.116044 22.159334 -9.921509 23.192160
-14.123570 18.137210 -10.467434 22.201960 -12.074889 23.191769
-16.660080 18.043560 -12.983198 22.247934 -14.453381 23.096170
-19.380350 17.941480 -15.553245 22.214479 -17.069675 23.118347
-22.232040 17.791200 -18.370789 22.137156 -19.919676 23.154396
-25.294530 17.612590 -21.404520 22.079632 -22.980358 23.144941
-28.420350 17.436630 -24.548351 21.994766 -26.131069 23.114641
-31.735350 17.259230 -27.741520 21.865271 -29.284246 23.054680
-35.061830 17.012340 -30.932449 21.639210 -32.504623 22.944262
-38.405680 16.701380 -34.182289 21.360218 -35.771851 22.743038
-41.726310 16.376210 -37.450844 20.996277 -39.058506 22.487896
-45.021050 16.012440 -40.766872 20.665468 -42.389816 22.220203
-48.346970 15.612790 -44.224506 20.289551 -45.748497 21.928143
-51.676860 15.192430 -47.738392 19.938442 -49.133175 21.674570
-55.031060 14.742560 -51.274639 19.544790 -52.566959 21.395145
-58.401830 14.329930 -54.809948 19.198542 -56.038414 21.168259
-61.829840 14.034770 -58.391151 18.951513 -59.539349 20.988674
-65.245090 13.824430 -62.055283 18.728184 -63.077091 20.833414
-68.803470 13.628730 -65.667160 18.447971 -66.697029 20.682039
-72.396330 13.444870 -69.229141 18.158400 -70.353607 20.514349
-76.040760 13.365020 -72.778481 17.851244 -74.023949 20.310045
-79.629870 13.286290 -76.301407 17.464029 -77.588127 20.000355
-83.178040 13.172320 -79.799507 17.061352 -81.105255 19.671551
-86.806450 13.116270 -83.244591 16.683840 -84.743401 19.398403
-90.407370 13.030230 -86.766632 16.309443 -88.338165 19.080782
-93.932750 12.938240 -90.281021 15.949020 -91.897232 18.761234
-97.425940 12.830290 -93.818161 15.609720 -95.440887 18.433716
-100.921800 12.721040 -97.314034 15.231401 -98.950668 18.092297
-104.418700 12.646790 -100.781662 14.871212 -102.412155 17.822378
-107.950700 12.574710 -104.287689 14.498478 -105.905975 17.486591
-111.506500 12.491980 -107.813797 14.103544 -109.428825 17.102537
-115.125400 12.427530 -111.373016 13.712423 -113.012543 16.731762
-118.791400 12.356860 -115.008232 13.318895 -116.659744 16.341949
-122.506900 12.277580 -118.695641 12.921726 -120.349594 16.000832
-126.283000 12.162340 -122.462944 12.488087 -124.075699 15.591437
-130.058300 12.056810 -126.242813 12.017702 -127.823380 15.151696
-133.838200 11.940140 -130.001312 11.555340 -131.573135 14.725819
-137.647000 11.763370 -133.771896 11.091957 -135.337982 14.294889
-141.424200 11.624670 -137.485504 10.668303 -139.056717 13.924476
-145.185900 11.523690 -141.214050 10.229269 -142.750015 13.602518
-148.919300 11.449460 -144.945892 9.795830 -146.420151 13.341073
-152.638200 11.381770 -148.648148 9.382662 -150.125580 12.938101
-156.350400 11.310530 -152.360550 8.957077 -153.838394 12.577044
-160.047400 11.214060 -156.040878 8.559217 -157.513550 12.277683
-163.709400 11.107560 -159.696594 8.171431 -161.166397 11.998794
-167.360400 10.983380 -163.349472 7.761524 -164.847504 11.661825
-170.967600 10.933720 -167.034775 7.334431 -168.539795 11.371362
-174.571400 10.876820 -170.659943 6.954645 -172.240295 11.079689
-178.137200 10.833080 -174.247574 6.565694 -175.859787 10.837731
-181.490500 10.796130 -177.623871 6.221719 -179.218643 10.626486
-184.602400 10.773720 -180.772293 5.897277 -182.377335 10.437610
-187.458300 10.758840 -183.742111 5.594007 -185.331802 10.267180
-190.232700 10.733900 -186.601318 5.292747 -188.172607 10.096870
-192.986900 10.663320 -189.419052 4.954943 -190.985977 9.892612
-195.706100 10.585910 -192.143997 4.642542 -193.776855 9.695161
-198.416300 10.495740 -194.804245 4.332975 -196.554550 9.488537
-201.152700 10.412030 -197.491302 4.019212 -199.335464 9.293073
-203.946700 10.341460 -200.276505 3.705008 -202.167175 9.116396
-206.802300 10.298350 -203.091324 3.379300 -205.019012 8.935300
-209.757100 10.317680 -205.981445 3.040532 -207.932648 8.765645
-212.804800 10.361070 -208.943863 2.704029 -210.917831 8.636324
-215.930200 10.396430 -211.982590 2.389668 -213.981094 8.502815
-219.012900 10.360590 -215.086441 2.086181 -217.105103 8.374666
-222.155100 10.298380 -218.248917 1.827017 -220.306946 8.282056
-225.365500 10.246810 -221.479965 1.565263 -223.568268 8.214585
-228.707300 10.215510 -224.789627 1.289092 -226.907455 8.144279
-232.112300 10.220950 -228.173569 1.025762 -230.322067 8.075461
-235.564300 10.214940 -231.619278 0.735251 -233.819702 8.004008
-239.104300 10.217730 -235.137054 0.431186 -237.384857 7.957110
-242.702700 10.183390 -238.739716 0.071427 -241.000015 7.847056
-246.347300 10.130220 -242.410950 -0.316149 -244.676956 7.695675
-250.052800 10.036800 -246.108398 -0.732389 -248.424667 7.538802
-253.773800 9.880518 -249.863785 -1.187746 -252.230957 7.357520
-257.535100 9.718989 -253.644150 -1.651864 -256.059418 7.164603
-261.300500 9.591512 -257.426666 -2.104548 -259.896393 6.985297
-265.059000 9.459547 -261.205078 -2.560574 -263.737579 6.805704
-268.826900 9.337703 -264.894226 -3.010206 -267.560516 6.633131
-272.549600 9.176257 -268.553345 -3.486766 -271.307312 6.438725
-276.263700 8.976101 -272.250885 -3.947960 -275.119354 6.244771
-279.947200 8.832825 -275.976501 -4.363140 -278.889343 6.084028
-283.650400 8.715404 -279.667236 -4.794127 -282.665863 5.925166
-287.322900 8.610515 -283.344147 -5.217888 -286.431244 5.772566
-290.988400 8.505150 -287.019165 -5.633263 -290.194855 5.630011
-294.654700 8.394904 -290.685852 -6.039502 -293.964081 5.491740
-298.320400 8.294475 -294.319458 -6.457425 -297.629669 5.337712
-302.013000 8.169718 -298.011383 -6.886032 -301.346558 5.181916
-305.746200 8.074212 -301.717651 -7.323058 -305.098602 5.022176
-309.494500 7.982975 -305.440125 -7.749604 -308.875610 4.877252
-313.220200 7.863686 -309.150513 -8.200731 -312.686310 4.719736
-316.989500 7.782544 -312.891388 -8.628244 -316.504303 4.574170
-320.754000 7.679468 -316.603760 -9.073740 -320.283691 4.415943
-324.529500 7.563218 -320.333252 -9.543570 -324.049683 4.249636
-328.344000 7.456111 -324.056763 -9.960302 -327.785126 4.129910
-332.109700 7.347334 -327.779358 -10.368803 -331.560242 4.017632
-335.860100 7.242255 -331.483398 -10.790716 -335.346161 3.890844
-339.608800 7.147781 -335.201996 -11.187912 -339.152161 3.790553
-343.309300 7.053936 -338.908752 -11.568634 -342.917175 3.691715
-346.907500 6.957315 -342.540619 -11.945515 -346.600922 3.591779
-350.384600 6.860419 -346.056335 -12.317465 -350.152435 3.500107
-353.708400 6.768393 -349.345154 -12.657351 -353.547241 3.430492
-356.877800 6.663296 -352.519012 -12.990267 -356.758789 3.330059
-360.001200 6.552425 -355.658539 -13.325974 -359.927887 3.203649
-363.041000 6.435692 -358.709564 -13.686663 -363.062256 3.105715
-365.855800 6.345080 -361.606445 -14.022724 -366.040131 3.001327
-368.437600 6.307072 -364.267395 -14.306648 -368.687897 2.943918
-370.781400 6.383962 -366.719727 -14.466118 -371.179138 2.966642
-372.865900 6.648568 -368.941742 -14.442354 -373.398010 3.188948
-374.725000 7.109350 -370.921234 -14.218315 -375.357727 3.579911
-376.363200 7.741893 -372.730255 -13.792618 -377.142517 4.179690
-377.862400 8.633829 -374.376465 -13.078773 -378.744293 5.012085
-379.196300 9.712570 -375.908569 -12.227926 -380.220154 5.993270
-380.348700 10.965970 -377.333344 -11.203526 -381.524841 7.204656
-381.385700 12.448140 -378.594727 -9.909821 -382.658142 8.654572
-382.260100 14.122720 -379.737762 -8.457233 -383.673279 10.247448
-383.010800 15.994530 -380.681335 -6.625897 -384.565155 12.057541
-383.610300 18.057930 -381.542419 -4.637435 -385.344452 14.036346
-384.100300 20.314520 -382.355804 -2.571081 -386.025513 16.179968
-384.497100 22.748260 -383.147888 -0.409510 -386.635834 18.488134
-384.776600 25.364410 -383.828796 1.951465 -387.052979 21.103718
-384.988900 28.128190 -384.305786 4.738739 -387.435822 23.798380
-385.212700 31.086220 -384.805573 7.592951 -387.685364 26.744987
-385.449300 34.192050 -385.319458 10.528522 -388.002808 29.800705
-385.780600 37.315730 -385.829285 13.510162 -388.291321 32.880505
-386.061000 40.426600 -386.311859 16.494413 -388.561188 35.965366
-386.229000 43.492690 -386.765350 19.487659 -388.771271 39.041393
-386.309000 46.518630 -387.171906 22.462000 -388.991516 42.119225
-386.383200 49.505740 -387.515869 25.403429 -389.163330 45.155605
-386.435500 52.415800 -387.821320 28.267939 -389.219391 48.052521
-386.493200 55.225360 -388.119141 31.052103 -389.234772 50.833881
-386.554400 57.943820 -388.393738 33.764149 -389.184540 53.517555
-386.610300 60.578530 -388.638000 36.424862 -389.127167 56.155079
-386.585600 63.079020 -388.865326 38.958622 -389.097595 58.710487
-386.370900 65.433820 -388.927551 41.322903 -388.949615 61.105621
-385.914800 67.648300 -388.853271 43.594212 -388.669769 63.405430
-385.249200 69.694860 -388.624512 45.773048 -388.190216 65.552971
-384.335100 71.573620 -388.241638 47.864513 -387.466278 67.532166
-383.335600 73.255020 -387.352570 49.523197 -386.625275 69.347443
-382.295300 74.818880 -386.470734 51.126034 -385.633331 70.973343
-381.091700 76.191700 -385.410767 52.592014 -384.430267 72.399750
-379.774700 77.364460 -384.242340 53.932312 -383.090759 73.654976
-378.271000 78.251970 -382.922394 55.074131 -381.611816 74.686638
-376.573900 78.987050 -381.355255 56.047855 -379.929718 75.524612
-374.728100 79.537850 -379.600525 56.875214 -378.097015 76.209389
-372.739900 79.941840 -377.776794 57.630569 -376.173889 76.754562
-370.607000 80.199980 -375.811523 58.252598 -374.076874 77.045364
-368.370300 80.415580 -373.698547 58.776936 -371.895325 77.312469
-366.032000 80.571350 -371.400421 59.189331 -369.613831 77.538506
-363.598400 80.673300 -368.944641 59.503860 -367.199127 77.715363
-361.071700 80.716320 -366.405579 59.741676 -364.618713 77.764969
-358.469900 80.705850 -363.771667 59.958778 -361.995758 77.749252
-355.832800 80.638300 -361.117676 60.090908 -359.367401 77.667450
-353.161000 80.553900 -358.430908 60.208309 -356.697021 77.571564
-350.450100 80.465550 -355.727570 60.325123 -354.007812 77.473747
-347.763100 80.398460 -352.993561 60.433002 -351.272919 77.329475
-345.086900 80.370740 -350.291565 60.551086 -348.564819 77.240585
-342.417400 80.402970 -347.594482 60.737858 -345.864044 77.210968
-339.774100 80.483360 -344.929810 60.994610 -343.175659 77.197548
-337.139800 80.575110 -342.280975 61.277100 -340.535370 77.273949
-334.528900 80.693480 -339.658478 61.586674 -337.917938 77.356415
-331.932700 80.824510 -337.023773 61.923122 -335.248993 77.468628
-329.325200 80.918500 -334.270844 62.116230 -332.566162 77.468864
-326.739100 80.990700 -331.620728 62.353104 -329.930603 77.483574
-324.144100 81.038770 -328.995789 62.586647 -327.309967 77.478516
-321.562300 81.091140 -326.392242 62.840286 -324.695984 77.480408
-319.011600 81.190070 -323.793610 63.067287 -322.083649 77.482033
-316.450900 81.308090 -321.254791 63.409054 -319.469635 77.506081
-313.909200 81.444650 -318.723633 63.791080 -316.856445 77.537422
-311.391900 81.580060 -316.136871 64.067291 -314.281830 77.624672
-308.876400 81.706970 -313.562286 64.322426 -311.723206 77.732635
-306.378900 81.849250 -311.030121 64.608070 -309.198761 77.832748
-303.888700 81.994400 -308.498352 64.901962 -306.664581 77.923477
-301.376300 82.158190 -305.968933 65.200523 -304.124451 78.030907
-298.832900 82.325730 -303.429230 65.527046 -301.570984 78.166702
-296.237900 82.504140 -300.849548 65.870644 -298.982635 78.314362
-293.590400 82.683410 -298.232788 66.228325 -296.355927 78.475174
-290.876600 82.853340 -295.531433 66.605927 -293.643677 78.634239
-288.120000 82.987710 -292.771057 66.952705 -290.888031 78.760704
-285.314700 83.062010 -289.939087 67.237068 -288.046753 78.832024
-282.460400 83.089330 -287.066559 67.503311 -285.172882 78.862526
-279.611400 83.105040 -284.198883 67.735985 -282.316864 78.861206
-276.801100 83.107970 -281.359436 67.945358 -279.491333 78.849564
-274.051500 83.099890 -278.578705 68.119980 -276.726593 78.828613
-271.353100 83.054870 -275.851074 68.297699 -274.006409 78.793755
-268.676800 82.970950 -273.190033 68.410652 -271.330322 78.744141
-266.029200 82.903900 -270.542786 68.525787 -268.677185 78.679688
-263.418800 82.873250 -267.888000 68.661079 -266.030396 78.639229
-260.804200 82.903330 -265.247681 68.809662 -263.423950 78.619644
-258.168800 82.990410 -262.600616 69.032570 -260.811279 78.665100
-255.510500 83.145560 -259.951752 69.337181 -258.184052 78.785049
-252.844700 83.373830 -257.295776 69.714211 -255.542023 78.974052
-250.152200 83.637690 -254.644943 70.183571 -252.861603 79.244598
-247.440300 83.910960 -251.977402 70.666512 -250.171249 79.507599
-244.714300 84.178610 -249.305908 71.106918 -247.458969 79.826889
-242.002000 84.383000 -246.658371 71.504555 -244.776642 80.096634
-239.314700 84.514710 -243.979431 71.861473 -242.101486 80.245438
-236.657500 84.567850 -241.332306 72.113113 -239.463638 80.320381
-234.029000 84.526210 -238.714081 72.285660 -236.834290 80.304375
-231.443300 84.405890 -236.120331 72.361206 -234.242737 80.195305
-228.920700 84.255810 -233.570862 72.401321 -231.703491 80.062828
-226.536800 84.105460 -231.158966 72.455315 -229.266708 79.950722
-224.322600 83.973260 -228.932419 72.476303 -227.034317 79.849655
-222.317800 83.852920 -226.870804 72.474678 -224.982544 79.777809
-220.525500 83.748690 -224.969070 72.477547 -223.114029 79.715675
-218.913500 83.654780 -223.167892 72.485779 -221.431900 79.653122
-217.491400 83.614870 -221.457657 72.523209 -219.959473 79.578651
-216.200400 83.663530 -219.869019 72.620094 -218.628662 79.625427
-214.975300 83.890580 -218.348770 72.842377 -217.400803 79.851562
-213.812900 84.303130 -216.987915 73.220833 -216.206009 80.197075
-212.768400 84.851980 -215.723145 73.710655 -215.103378 80.651054
-211.819400 85.505150 -214.579010 74.295723 -214.090927 81.195679
-210.944500 86.249430 -214.105728 75.285278 -213.166046 81.848228
-210.114900 87.190980 -213.297272 76.196930 -212.301819 82.649704
-209.375900 88.379450 -212.564636 77.247993 -211.611206 83.842964
-208.685500 89.786110 -211.888321 78.479828 -210.913040 85.115860
-208.120100 91.447000 -211.313690 79.896736 -210.287552 86.521980
-207.636800 93.318040 -210.784271 81.420471 -209.703674 88.054062
-207.343700 95.377570 -210.439301 83.178719 -209.281601 89.811546
-207.198500 97.677330 -210.222641 85.084381 -208.986664 91.735619
-207.176800 100.117600 -210.108673 87.117355 -208.792282 93.795654
-207.235900 102.732400 -210.304596 89.581268 -208.801056 96.255814
-207.357900 105.495500 -210.708313 92.427368 -208.807785 98.730179
-207.446900 108.321400 -210.876892 95.295021 -209.021133 101.671135
-207.501200 111.206800 -211.099152 98.201965 -209.146011 104.568436
-207.496800 114.153500 -211.283615 101.173485 -209.204208 107.521599
-207.467000 117.040300 -211.430206 104.108398 -209.165466 110.451965
-207.357100 119.818100 -211.560944 107.059669 -209.200546 113.378197
-207.231600 122.580500 -211.687180 109.977310 -209.200226 116.260017
-207.169600 125.360700 -211.941910 112.827003 -209.195404 119.116730
-207.151600 128.086900 -212.167862 115.608574 -209.286591 121.896629
-207.158900 130.676600 -212.330994 118.243134 -209.379791 124.579948
-207.192200 133.099300 -212.560181 120.628494 -209.468460 127.060715
-207.257200 135.311800 -212.792236 122.949074 -209.592117 129.361832
-207.357800 137.293400 -213.042618 125.047218 -209.748215 131.469955
-207.516000 139.039300 -213.326279 126.948959 -209.935928 133.264984
-207.792700 140.624300 -213.680710 128.691666 -210.209549 134.886978
-208.199400 142.155800 -214.139557 130.362518 -210.640549 136.453064
-208.796100 143.591400 -214.747528 131.946182 -211.215790 137.931305
-209.578000 144.906500 -215.508362 133.421234 -211.953400 139.304779
-210.509400 146.123000 -216.386978 134.798035 -212.798462 140.591293
-211.640600 147.221600 -217.428772 136.095764 -213.860825 141.782715
-212.986500 148.243400 -218.675354 137.275772 -215.297653 142.802521
-214.560800 149.101800 -220.255630 138.221085 -216.842285 143.713226
-216.375500 149.752000 -222.123032 138.921677 -218.592194 144.450516
-218.364200 150.183000 -224.135864 139.435425 -220.500961 145.010223
-220.495700 150.431900 -226.236084 139.807861 -222.531418 145.412918
-222.758400 150.560900 -228.493607 140.048767 -224.724823 145.693008
-225.125500 150.643600 -230.957779 140.131531 -227.089615 145.866669
-227.596900 150.727300 -233.468277 140.126770 -229.583069 146.013947
-230.175200 150.835400 -236.070129 140.121399 -232.221497 146.114075
-232.870900 150.954400 -238.743927 140.103256 -234.953934 146.211319
-235.686400 151.084500 -241.553070 140.121109 -237.787888 146.282303
-238.634600 151.219200 -244.490341 140.093582 -240.722214 146.356186
-241.714000 151.324200 -247.540894 140.023041 -243.780624 146.414337
-244.893500 151.370200 -250.671448 139.913803 -246.990692 146.422119
-248.152800 151.340800 -253.945969 139.735291 -250.385208 146.337967
-251.386800 151.245500 -257.186798 139.478012 -253.624573 146.174194
-254.628800 151.083900 -260.450012 139.163498 -256.917969 145.951309
-257.855100 150.860900 -263.696198 138.784241 -260.192261 145.662430
-260.989500 150.595900 -266.875793 138.356445 -263.376495 145.322174
-263.979600 150.335600 -269.881409 137.921631 -266.440735 144.973663
-266.766600 150.087700 -272.670105 137.533356 -269.330627 144.647781
-269.368500 149.866200 -275.284180 137.124725 -272.016174 144.346329
-271.910000 149.696000 -277.840240 136.759949 -274.678497 144.110031
-274.432000 149.547300 -280.409882 136.467453 -277.282684 143.860718
-276.917800 149.419800 -282.940613 136.169418 -279.739502 143.566223
-279.393400 149.337600 -285.511597 135.953796 -282.374542 143.467972
-281.842600 149.284100 -288.013123 135.755844 -284.904755 143.333771
-284.327000 149.245300 -290.538422 135.564102 -287.452972 143.212891
-286.851400 149.215900 -293.106079 135.378967 -290.007263 143.111816
-289.374600 149.175400 -295.688416 135.185760 -292.598846 142.993744
-291.872700 149.113700 -298.254150 134.977798 -295.177887 142.853424
-294.367000 149.035300 -300.797211 134.752350 -297.723572 142.703934
-296.900400 148.946800 -303.330017 134.502609 -300.278320 142.538071
-299.496800 148.857900 -305.938660 134.259338 -302.900787 142.374008
-302.152700 148.763000 -308.602570 134.009918 -305.587891 142.195816
-304.894400 148.662700 -311.341614 133.758606 -308.338196 142.019089
-307.698800 148.565200 -314.143555 133.497086 -311.164307 141.832138
-310.542800 148.472300 -316.993439 133.233780 -314.030029 141.651642
-313.401900 148.388500 -319.870239 132.975876 -316.911560 141.478058
-316.253600 148.309200 -322.743011 132.726059 -319.783844 141.310379
-319.087100 148.246300 -325.592407 132.486160 -322.635132 141.152054
-321.874200 148.159600 -328.406952 132.246780 -325.444183 140.998032
-324.643500 148.080700 -331.190582 132.010818 -328.226868 140.851959
-327.380000 148.017900 -333.934479 131.802933 -330.969971 140.716766
-330.084600 147.943700 -336.638245 131.610291 -333.677307 140.582077
-332.768800 147.879400 -339.277191 131.413712 -336.321655 140.454727
-335.339000 147.849200 -341.823303 131.229141 -338.883759 140.334915
-337.917500 147.821400 -344.347382 131.043671 -341.412628 140.216995
-340.461700 147.771400 -346.859222 130.852600 -343.919891 140.092972
-342.975500 147.703700 -349.344543 130.653870 -346.397217 139.961487
-345.507800 147.596800 -351.820984 130.427155 -348.879822 139.787720
-348.088400 147.502000 -354.339081 130.181442 -351.394867 139.609787
-350.695500 147.387300 -356.916809 129.904541 -353.964233 139.403732
-353.357500 147.254200 -359.527527 129.615311 -356.556671 139.203079
-356.035100 147.123000 -362.156677 129.336533 -359.171875 138.998138
-358.706400 146.987600 -364.778381 129.067795 -361.791046 138.798355
-361.365400 146.869000 -367.403229 128.786499 -364.413330 138.600739
-363.998800 146.747300 -370.010132 128.489548 -366.993530 138.388153
-366.592400 146.651500 -372.591095 128.201935 -369.547028 138.192215
-369.103200 146.586000 -375.110718 127.923080 -372.054291 138.028183
-371.498800 146.552500 -377.504089 127.736969 -374.430145 137.910065
-373.734100 146.569400 -379.724854 127.648010 -376.662476 137.846451
-375.766000 146.687900 -381.756744 127.621048 -378.669525 137.891113
-377.587800 146.923500 -383.621826 127.703323 -380.511963 138.015457
-379.228200 147.254000 -385.341095 127.878250 -382.236359 138.207245
-380.680100 147.681500 -386.949707 128.109009 -383.780914 138.498230
-381.983900 148.240600 -388.422211 128.481766 -385.137085 138.959366
-383.189300 148.967100 -389.743378 129.014801 -386.314728 139.603561
-384.260600 149.832600 -390.888367 129.737167 -387.395752 140.439484
-385.261700 150.822900 -391.998779 130.526825 -388.410950 141.336090
-386.189600 152.026900 -393.041199 131.533218 -389.371674 142.459427
-387.088300 153.508400 -394.020233 132.795456 -390.316864 143.783264
-387.803500 155.255200 -394.877777 134.266296 -391.116547 145.338303
-388.328200 157.227600 -395.621765 135.895737 -391.782410 147.088837
-388.690100 159.390500 -396.277802 137.668350 -392.330353 149.009644
-388.914300 161.727400 -396.833191 139.596100 -392.734497 151.161362
-389.033800 164.223600 -397.290771 141.699814 -392.963013 153.624680
-389.107700 166.899500 -397.663574 144.034698 -393.149902 156.237213
-389.177200 169.703100 -398.004364 146.536499 -393.329010 158.985031
-389.249200 172.602600 -398.330780 149.173904 -393.511749 161.828094
-389.294800 175.566200 -398.657074 151.881912 -393.691437 164.751938
-389.340400 178.518800 -398.960541 154.675995 -393.872345 167.701630
-389.408400 181.466200 -399.267792 157.486221 -394.061890 170.659348
-389.477100 184.395100 -399.570282 160.266937 -394.240753 173.610092
-389.534000 187.303900 -399.791351 163.102280 -394.397552 176.516602
-389.596100 190.151400 -400.000610 165.918564 -394.551636 179.358429
-389.650400 192.868100 -400.183441 168.656647 -394.710480 182.149750
-389.688600 195.381200 -400.358734 171.281097 -394.853821 184.776840
-389.706500 197.729300 -400.504913 173.756256 -394.962433 187.229996
-389.637200 199.881000 -400.582123 176.068344 -395.002991 189.512299
-389.406500 201.894300 -400.538696 178.280319 -394.913727 191.678299
-388.964400 203.824800 -400.316559 180.402435 -394.583160 193.706833
-388.237500 205.641900 -399.769409 182.349304 -393.972809 195.636185
-387.225600 207.247400 -398.943695 184.158661 -393.139130 197.459381
-385.985200 208.725400 -397.941284 185.847382 -392.130219 199.152863
-384.487500 210.025200 -396.556488 187.274155 -390.783234 200.639420
-382.766900 211.133700 -394.930359 188.531738 -389.048309 201.871582
-380.848000 212.024300 -393.200012 189.678055 -387.235107 202.980453
-378.741200 212.710800 -391.363831 190.731277 -385.252869 203.866013
-376.473400 213.257300 -389.076355 191.422684 -383.112854 204.613876
-374.038800 213.683400 -386.705536 191.981567 -380.733887 205.170761
-371.458500 214.025200 -384.170715 192.496857 -378.188354 205.664276
-368.731200 214.304000 -381.435089 193.079422 -375.484222 206.234772
-365.907000 214.548400 -378.629578 193.578232 -372.674713 206.690155
-362.986400 214.774600 -375.731445 194.048630 -369.770752 207.134232
-360.000500 214.982500 -372.733551 194.537659 -366.808533 207.550354
-356.946700 215.144300 -369.752747 194.913315 -363.802490 207.879089
-353.844800 215.269100 -366.689880 195.259674 -360.710358 208.254242
-350.728200 215.343800 -363.610260 195.571579 -357.587280 208.565598
-347.621800 215.396600 -360.538300 195.808670 -354.585052 208.817734
-344.503600 215.436100 -357.424500 196.059448 -351.424500 209.069107
-341.404500 215.431500 -354.348633 196.339325 -348.275116 209.315735
-338.307200 215.374700 -351.241943 196.505585 -345.149597 209.435883
-335.222900 215.258300 -348.110565 196.688919 -342.023468 209.519409
-332.176900 215.090700 -345.009430 196.674820 -338.927307 209.519135
-329.113900 214.919400 -341.901611 196.596344 -335.855042 209.455200
-326.083300 214.755000 -338.866516 196.573654 -332.814911 209.426758
-323.035500 214.645100 -335.809509 196.525574 -329.716980 209.421677
-319.997700 214.594500 -332.733398 196.595291 -326.643585 209.490646
-316.949800 214.613400 -329.650726 196.717529 -323.599731 209.628754
-313.894600 214.701700 -326.568237 196.904083 -320.510101 209.869400
-310.834000 214.851800 -323.478394 197.147217 -317.430328 210.141510
-307.768800 215.021500 -320.389557 197.394241 -314.353149 210.405365
-304.682000 215.209600 -317.321686 197.690521 -311.258087 210.724365
-301.619300 215.403400 -314.270477 197.978516 -308.170959 211.052704
-298.564100 215.602100 -311.209686 198.249451 -305.097717 211.381790
-295.523500 215.774500 -308.167908 198.534134 -302.081360 211.718033
-292.524500 215.925700 -305.177582 198.848099 -299.071167 212.008087
-289.569200 216.080100 -302.245972 199.124268 -296.117950 212.284775
-286.686000 216.208000 -299.281586 199.344849 -293.208130 212.530899
-283.844300 216.320800 -296.397522 199.564682 -290.359924 212.770096
-281.075400 216.414900 -293.610840 199.770721 -287.572906 212.978729
-278.384800 216.482400 -290.933716 199.923416 -284.880737 213.134598
-275.749900 216.524700 -288.305237 200.101791 -282.234253 213.274628
-273.211000 216.563500 -285.709808 200.252655 -279.658569 213.409958
-270.786900 216.596800 -283.230377 200.381500 -277.236511 213.542252
-268.452200 216.627400 -280.898651 200.509338 -274.906891 213.679749
-266.210100 216.670200 -278.617126 200.591843 -272.626801 213.764175
-264.057900 216.715000 -276.446686 200.731125 -270.462921 213.874863
-261.977600 216.758700 -274.435822 200.768906 -268.427338 213.945969
-260.009300 216.805500 -272.394012 200.951492 -266.467072 214.051804
-258.118000 216.846900 -270.491333 201.055801 -264.577820 214.161972
-256.324100 216.892100 -268.713226 201.149445 -262.773590 214.266586
-254.591600 216.937100 -266.978668 201.239120 -261.030945 214.357300
-252.914000 216.968800 -265.273499 201.324738 -259.326569 214.447495
-251.261500 217.002300 -263.581696 201.408051 -257.638733 214.533279
-249.623300 217.030600 -261.945374 201.511047 -255.963867 214.615036
-248.000000 217.075100 -260.325226 201.594833 -254.292282 214.698944
-246.394700 217.123600 -258.714294 201.677246 -252.653503 214.797958
-244.798500 217.177700 -257.121918 201.774033 -251.065475 214.910873
-243.238500 217.242300 -255.558151 201.892776 -249.499176 215.027176
-241.697700 217.301200 -254.030411 202.041183 -247.965485 215.154541
-240.159500 217.379600 -252.507935 202.144318 -246.488266 215.259613
-238.623700 217.447500 -250.994766 202.199570 -244.932724 215.400635
-237.098100 217.517700 -249.512405 202.354111 -243.431549 215.523056
-235.568700 217.578300 -248.083496 202.318771 -241.912460 215.632690
-234.013600 217.632400 -246.524109 202.444122 -240.376419 215.738480
-232.429300 217.675500 -244.947662 202.540100 -238.820419 215.839493
-230.825000 217.709000 -243.356888 202.622116 -237.244720 215.933929
-229.213500 217.727400 -241.766953 202.699051 -235.667496 216.026474
-227.620200 217.743200 -240.190018 202.767273 -234.101959 216.114120
-226.038600 217.749200 -238.623886 202.831116 -232.542358 216.203110
-224.474500 217.720600 -237.068024 202.869202 -230.968185 216.297195
-222.943700 217.646400 -235.534760 202.875488 -229.349396 216.459518
-221.517500 217.497700 -234.075836 202.811737 -228.024445 216.203918
-220.196400 217.264300 -232.706970 202.672302 -226.682953 216.060165
-219.015400 216.979300 -231.441208 202.459869 -225.445847 215.843491
-218.000600 216.671300 -230.309464 202.221344 -224.306000 215.615082
-217.074300 216.316400 -229.233429 201.961136 -223.223343 215.360031
-216.224900 215.882000 -228.235321 201.629822 -222.275131 214.938431
-215.453800 215.357600 -227.319244 201.231598 -221.410583 214.479431
-214.757400 214.782900 -226.485397 200.767136 -220.635574 213.976624
-214.077200 214.065600 -225.695129 200.191467 -219.929749 213.336685
-213.459700 213.182900 -224.962463 199.461288 -219.262238 212.535110
-212.907500 212.086400 -224.331497 198.530991 -218.644135 211.595245
-212.452200 210.870600 -223.752640 197.483643 -218.101715 210.503708
-212.114300 209.456600 -223.306519 196.108215 -217.622910 209.114578
-211.858500 207.837000 -222.913651 194.573715 -217.217697 207.542465
-211.742000 206.028400 -222.603973 192.894440 -216.964661 205.758255
-211.736300 204.033600 -222.454544 190.951920 -216.777557 203.829529
-211.766900 201.873300 -222.354889 188.808716 -216.661270 201.678345
-211.796200 199.533500 -222.237564 186.571121 -216.535126 199.391785
-211.786800 197.027400 -222.130264 184.104767 -216.394714 196.923264
-211.759900 194.373900 -221.995880 181.509201 -216.227371 194.299606
-211.697900 191.633600 -221.858261 178.815475 -216.075958 191.630692
-211.626700 188.816000 -221.713989 176.078140 -215.880295 188.879456
-211.537000 185.992200 -221.502625 173.302002 -215.667191 186.095062
-211.444400 183.173400 -221.198227 170.499954 -215.418137 183.283676
-211.362800 180.374100 -220.939560 167.714600 -215.184647 180.468597
-211.264700 177.600300 -220.674377 164.957397 -214.938126 177.694290
-211.172000 174.834700 -220.422791 162.184906 -214.692154 174.920609
-211.067900 172.132300 -220.182907 159.484543 -214.448441 172.214218
-210.942500 169.548500 -219.932678 156.906616 -214.176331 169.608948
-210.807500 167.115600 -219.671280 154.421066 -213.885300 167.118439
-210.677900 164.891300 -219.425598 152.144623 -213.611313 164.852402
-210.523800 162.831600 -219.183762 150.026855 -213.341568 162.753632
-210.369300 160.883900 -218.924103 148.020172 -213.058273 160.754059
-210.243400 159.140700 -218.680969 146.289658 -212.798126 158.914108
-210.180400 157.654800 -218.517502 144.718887 -212.606049 157.285019
-210.119700 156.263000 -218.350372 143.204422 -212.429657 155.787552
-210.059800 154.892900 -218.187469 141.744247 -212.256180 154.327042
-209.978700 153.571000 -218.024124 140.392715 -212.072311 152.904160
-209.891700 152.272500 -217.860229 139.058456 -211.921722 151.573761
-209.766700 150.900300 -217.704712 137.692856 -211.724792 150.222076
-209.618400 149.453900 -217.552628 136.295898 -211.492371 148.818451
-209.402000 147.911800 -217.339905 134.835815 -211.214966 147.346420
-209.174500 146.248000 -217.029099 133.200241 -210.922607 145.802139
-208.939400 144.453000 -216.704666 131.437592 -210.591492 144.101044
-208.714900 142.497200 -216.300766 129.488342 -210.181992 142.148605
-208.503800 140.403200 -215.920059 127.411346 -209.887665 140.091187
-208.393000 138.150900 -215.622162 125.119408 -209.635040 137.883759
-208.389600 135.751000 -215.512924 122.728264 -209.470749 135.486359
-208.458300 133.190500 -215.493530 120.233398 -209.337891 132.964386
-208.554900 130.503800 -215.425659 117.532799 -209.270996 130.292816
-208.679600 127.708900 -215.407303 114.752312 -209.206757 127.522034
-208.807700 124.788300 -215.382935 111.879089 -209.134247 124.637932
-208.927800 121.786000 -215.342484 108.891991 -209.040161 121.636314
-208.986400 118.770600 -215.284378 105.892181 -208.929733 118.629951
-209.010800 115.753900 -215.214371 102.902336 -208.787720 115.640556
-208.944000 112.761900 -215.012756 99.933372 -208.552780 112.668930
-208.836500 109.809100 -214.771927 97.003754 -208.264496 109.737900
-208.710600 106.913800 -214.497711 94.119179 -207.934128 106.838600
-208.612900 104.164800 -214.208786 91.375053 -207.597931 104.072212
-208.524100 101.612900 -213.959000 88.812790 -207.304047 101.484909
-208.411800 99.291950 -213.688507 86.429283 -207.010971 99.114929
-208.304000 97.231400 -213.437256 84.241219 -206.737518 96.977844
-208.239900 95.441440 -213.223038 82.258530 -206.505676 95.072388
-208.186600 93.928990 -213.049728 80.675873 -206.324875 93.553642
-208.169400 92.620100 -212.924438 79.373817 -206.162216 92.221802
-208.111400 91.359060 -212.787888 78.121040 -206.029388 90.978180
-208.103700 90.108060 -212.666855 76.875542 -205.921783 89.743111
-208.057300 88.899050 -212.544281 75.671097 -205.769730 88.528748
-207.989700 87.686220 -212.432129 74.482864 -205.637817 87.335144
-207.887500 86.424840 -212.214874 73.218437 -205.444565 86.116837
-207.749700 85.106480 -211.994400 71.925346 -205.161316 84.829079
-207.573400 83.679430 -211.747375 70.579170 -204.862640 83.468674
-207.363800 82.128210 -211.483154 69.161011 -204.538147 81.994614
-207.117800 80.466750 -211.100067 67.528816 -204.154510 80.396805
-206.886600 78.657990 -210.726959 65.745239 -203.745178 78.621994
-206.653200 76.721140 -210.327698 63.842632 -203.306107 76.728485
-206.474300 74.687190 -209.968323 61.815285 -202.934662 74.736847
-206.388100 72.537240 -209.670380 59.638851 -202.616455 72.606743
-206.432200 70.298230 -209.479614 57.391598 -202.393341 70.381668
-206.610100 68.000610 -209.446304 55.074249 -202.329025 68.080444
-206.892700 65.622610 -209.504654 52.677864 -202.361908 65.685532
-207.176400 63.145090 -209.560059 50.215179 -202.396332 63.231106
-207.411300 60.582530 -209.629105 47.646385 -202.395416 60.679356
-207.566400 57.936780 -209.612747 45.002789 -202.318420 58.038998
-207.647700 55.184560 -209.516556 42.268711 -202.151337 55.315952
-207.661500 52.385390 -209.385773 39.508072 -201.934479 52.547733
-207.621300 49.546410 -209.219635 36.732895 -201.690063 49.766285
-207.570900 46.730400 -209.000885 33.959377 -201.384048 46.983452
-207.528900 43.951520 -208.760849 31.187574 -201.116638 44.220467
-207.484900 41.207900 -208.598358 28.506556 -200.875565 41.536827
-207.419300 38.483860 -208.453354 25.853092 -200.658951 38.888031
-207.398300 35.859080 -208.264404 23.222712 -200.319275 36.219627
-207.389600 33.323530 -208.073868 20.664663 -200.078461 33.686806
-207.383600 30.928860 -207.905655 18.262478 -199.850067 31.289492
-207.365700 28.737950 -207.744812 16.067591 -199.638779 29.101923
-207.338200 26.780150 -207.590118 14.042856 -199.415421 27.125818
-207.272200 25.076160 -207.428436 12.153904 -199.200287 25.384834
-207.184900 23.637860 -207.272049 10.687313 -198.993042 23.940062
-207.080700 22.407050 -207.098465 9.401285 -198.798935 22.661402
-206.954300 21.322570 -206.911926 8.192591 -198.594208 21.461294
-206.781600 20.334400 -206.720856 7.210929 -198.362610 20.482754
-206.551700 19.436710 -206.514465 6.282753 -198.116806 19.558989
-206.294700 18.614920 -206.275085 5.402449 -197.844681 18.683744
-205.959400 17.852300 -205.965393 4.587439 -197.482895 17.950729
-205.601700 17.147840 -205.616531 3.817335 -197.083130 17.253841
-205.183200 16.499570 -205.225525 3.105951 -196.642685 16.617176
-204.640200 15.834340 -204.633118 2.566196 -196.106873 16.018446
-203.962000 15.126390 -203.984543 1.924060 -195.435623 15.411407
-203.105900 14.402300 -203.247589 1.283615 -194.644104 14.795223
-202.093300 13.723770 -202.410309 0.674327 -193.697235 14.217642
-200.890700 13.072850 -201.466385 0.090911 -192.599823 13.675517
-199.454900 12.451120 -200.370178 -0.458089 -191.356354 13.172328
-197.803000 11.847900 -199.114258 -0.991820 -189.973969 12.684183
-195.985800 11.251230 -197.670624 -1.511398 -188.429871 12.208259
-194.078300 10.799800 -196.041702 -1.909269 -186.693069 11.852792
-192.241500 10.550030 -194.408569 -2.140087 -184.875809 11.758523
-190.511600 10.492510 -192.837723 -2.231908 -183.066528 11.829485
-188.774500 10.514750 -191.280991 -2.253962 -181.244003 11.942126
-187.053000 10.530790 -189.715225 -2.247620 -179.432175 12.108124
-185.316100 10.589790 -188.013290 -2.081334 -177.642410 12.321788
-183.477200 10.672540 -186.199265 -1.829043 -175.796844 12.568590
-181.518300 10.768400 -184.302414 -1.570773 -173.855362 12.841148
-179.433500 10.895520 -182.352325 -1.286819 -171.789017 13.167396
-177.234800 11.053010 -180.338669 -0.983077 -169.633972 13.525207
-174.912900 11.228010 -178.232971 -0.659880 -167.399139 13.904464
-172.453800 11.406500 -175.999420 -0.326570 -165.026505 14.305843
-169.877600 11.633180 -173.518097 0.075979 -162.505951 14.783366
-167.172600 11.903480 -170.808258 0.557338 -159.819473 15.303945
-164.356100 12.241910 -168.040833 1.084852 -157.027893 15.969987
-161.414200 12.605270 -165.162933 1.657688 -154.122223 16.638918
-158.375100 12.957560 -162.193359 2.235220 -151.111755 17.305201
-155.289000 13.266400 -159.154434 2.795980 -148.023102 17.959501
-152.153500 13.477190 -156.058243 3.309024 -144.875397 18.531420
-148.978900 13.534370 -152.884064 3.684762 -141.700272 19.005421
-145.756200 13.449460 -149.695190 3.963102 -138.461472 19.326452
-142.513300 13.323960 -146.435715 4.070763 -135.185455 19.594889
-139.219200 13.264090 -143.105698 4.215622 -131.853180 19.878216
-135.871600 13.235180 -139.726410 4.423763 -128.476959 20.193783
-132.469300 13.237950 -136.304016 4.652857 -125.043747 20.556110
-128.998700 13.250220 -132.821457 4.946818 -121.551041 20.954159
-125.452300 13.247970 -129.283920 5.242294 -117.984657 21.362913
-121.821900 13.224230 -125.680183 5.545261 -114.360176 21.793999
-118.142800 13.197060 -121.995415 5.794590 -110.677177 22.221287
-114.366200 13.195450 -118.265434 6.062224 -106.942474 22.653688
-110.549500 13.202980 -114.490402 6.368181 -103.163742 23.101864
-106.721100 13.234960 -110.681374 6.689716 -99.343399 23.577251
-102.856200 13.237720 -106.890114 6.979652 -95.506424 24.059731
-99.051970 13.344340 -103.076889 7.285491 -91.666443 24.549078
-95.237560 13.444760 -99.245117 7.631009 -87.823868 25.068638
-91.419640 13.530140 -95.359444 7.971480 -83.991432 25.582827
-87.619070 13.674300 -91.560883 8.320545 -80.188850 26.055716
-83.825400 13.812150 -87.819870 8.744484 -76.393082 26.647226
-80.045030 13.941190 -84.073250 9.160910 -72.633904 27.231907
-76.262920 14.064210 -80.327728 9.608301 -68.900024 27.817589
-72.527230 14.169690 -76.597382 10.027708 -65.179283 28.373882
-68.760100 14.314940 -72.913635 10.429668 -61.498531 28.945946
-65.041990 14.448290 -69.230530 10.835287 -57.841103 29.514074
-61.409550 14.597510 -65.585648 11.248692 -54.213902 30.087378
-57.812780 14.752930 -61.988426 11.629433 -50.637150 30.658604
-54.272080 14.916680 -58.449249 12.043417 -47.101982 31.222685
-50.863180 15.111690 -54.961231 12.473169 -43.618454 31.817682
-47.456920 15.288970 -51.542492 12.907930 -40.157101 32.395863
-44.095940 15.453870 -48.172623 13.313614 -36.791714 32.971214
-40.863370 15.611510 -44.895706 13.694841 -33.553078 33.538960
-37.779270 15.768930 -41.751316 14.079897 -30.417839 34.087563
-34.878460 16.001620 -38.723335 14.452303 -27.449057 34.607048
-32.108550 16.224310 -35.775681 14.814642 -24.631901 35.099556
-29.417700 16.336670 -32.967739 15.152819 -21.989405 35.555401
-26.864830 16.377370 -30.475285 15.418156 -19.455744 35.963470
-24.569330 16.453910 -28.081606 15.662182 -17.099140 36.319942
-22.495940 16.503070 -25.842653 15.865215 -14.947361 36.624348
-20.581990 16.519710 -23.774057 16.027607 -12.993038 36.875206
-18.846180 16.508190 -21.861359 16.175512 -11.209620 37.104107
-17.328990 16.482300 -20.108931 16.313240 -9.583663 37.315857
-16.037550 16.475470 -18.514074 16.441128 -8.129128 37.511288
-14.956120 16.515220 -17.071756 16.583574 -6.829951 37.717228
-14.017770 16.603920 -15.876538 16.739790 -5.816764 37.895546
-13.125570 16.745940 -14.790380 16.936007 -4.937198 38.134102
-12.277220 17.018620 -13.757364 17.231243 -4.189015 38.554321
-11.518690 17.387820 -12.782813 17.603477 -3.481126 39.018837
-10.793900 17.853110 -11.835948 18.031761 -2.806854 39.525131
-10.023690 18.451760 -10.940848 18.582172 -2.137069 40.102512
-9.266871 19.249950 -10.117208 19.332506 -1.496986 40.829422
-8.499983 20.230260 -9.296992 20.249159 -0.893753 41.744110
-7.714471 21.448790 -8.505096 21.340691 -0.321840 42.815666
-6.943853 22.899830 -7.756279 22.655581 0.224080 44.066723
-6.209422 24.630930 -7.112708 24.338797 0.711944 45.576462
-5.580618 26.636760 -6.604329 26.331268 1.066371 47.448708
-5.100718 28.938480 -6.226031 28.619619 1.268950 49.802238
-4.832290 31.540330 -6.016023 31.157957 1.316478 52.274330
-4.752808 34.327710 -6.118183 33.961796 1.144881 54.924015
-4.799016 37.335070 -6.321098 36.920097 0.784811 57.818947
-4.911943 40.499490 -6.604611 40.029934 0.352036 60.825401
-5.090383 43.700800 -6.931108 43.185974 -0.235357 63.946018
-5.276585 46.904120 -7.300480 46.406555 -0.871609 67.108246
-5.464336 50.126700 -7.748187 49.589809 -1.485107 70.295082
-5.701735 53.348430 -8.247520 52.738968 -2.096746 73.453690
-5.926283 56.566760 -8.676284 55.899212 -2.659330 76.626045
-6.149722 59.747560 -9.059877 58.999702 -3.221004 79.739708
-6.326192 62.853260 -9.458221 61.991241 -3.773490 82.832359
-6.450595 65.815280 -9.839559 64.919807 -4.299785 85.827049
-6.558018 68.633220 -10.197396 67.754272 -4.803901 88.673187
-6.625230 71.279560 -10.524794 70.464508 -5.277891 91.365578
-6.655510 73.749780 -10.830034 73.024254 -5.722124 93.895111
-6.684464 75.995110 -11.109251 75.380737 -6.115230 96.165741
-6.652349 77.987890 -11.358350 77.547028 -6.463853 98.236458
-6.508811 79.715010 -11.459391 79.390800 -6.686262 100.072609
-6.213677 81.157890 -11.412622 80.970642 -6.745143 101.682175
-5.729615 82.390460 -11.204189 82.372391 -6.582837 103.054039
-5.161236 83.435200 -10.874942 83.594185 -6.304157 104.275604
-4.542652 84.252870 -10.444661 84.664284 -5.870515 105.298866
-3.866113 84.884560 -9.975353 85.566063 -5.403203 106.171005
-3.262439 85.311720 -9.495858 86.224625 -4.871306 106.686089
-2.779876 85.608160 -9.066185 86.606888 -4.431240 107.106133
-2.292931 85.855430 -8.651820 86.963394 -4.048055 107.478645
-1.737887 86.025210 -8.196469 87.221115 -3.619462 107.785347
-1.127115 86.147390 -7.703758 87.423874 -3.147472 108.016640
-0.518659 86.251250 -7.207133 87.614250 -2.671890 108.231705
0.098283 86.354450 -6.694989 87.796722 -2.175725 108.438004
0.701588 86.427350 -6.160515 87.944733 -1.652455 108.620590
1.306431 86.494190 -5.617317 88.073441 -1.108486 108.782700
1.881704 86.544440 -5.070356 88.199837 -0.556422 108.940887
2.482048 86.571200 -4.513240 88.270943 0.009248 109.053268
3.081643 86.601540 -3.937077 88.372971 0.585473 109.184891
3.761151 86.625380 -3.274795 88.464363 1.223268 109.303192
4.619787 86.696990 -2.489639 88.620514 2.001849 109.478394
5.591334 86.770900 -1.573610 88.783257 2.912873 109.672134
6.608439 86.844400 -0.581581 88.956268 3.896861 109.889252
7.634023 86.901350 0.464120 89.124878 4.939985 110.105331
8.711110 86.958450 1.552857 89.290718 6.048939 110.327682
9.832777 87.009730 2.667337 89.459122 7.189985 110.538849
11.007620 87.011520 3.882220 89.575981 8.349011 110.737213
12.275390 86.965120 5.084303 89.647652 9.550986 110.877411
13.626340 86.918150 6.368546 89.742020 10.832067 111.038635
15.069990 86.825170 7.753383 89.800491 12.215229 111.166084
16.615310 86.785220 9.231120 89.890640 13.696068 111.342300
18.281790 86.877740 10.852833 90.107773 15.278361 111.651512
20.047850 87.081990 12.552419 90.434441 16.959618 112.083855
21.900640 87.285740 14.377764 90.811195 18.741961 112.550163
23.863160 87.475150 16.345587 91.143295 20.672380 112.995903
25.902040 87.591950 18.383535 91.427811 22.696394 113.394875
28.010580 87.643840 20.473623 91.692177 24.800222 113.769882
30.161670 87.666240 22.634424 91.941162 26.953259 114.135735
32.320100 87.664230 24.828844 92.167542 29.122919 114.488220
34.457590 87.659770 27.020718 92.379349 31.283087 114.828972
36.605810 87.671870 29.214972 92.593544 33.442734 115.172615
38.730770 87.693440 31.387075 92.821739 35.577961 115.531349
40.845470 87.730240 33.522362 93.060669 37.678886 115.930183
42.917780 87.780190 35.592216 93.301674 39.765720 116.316788
44.982820 87.855000 37.644226 93.556343 41.822872 116.708679
47.029150 87.934110 39.700413 93.836151 43.852402 117.107079
49.088540 87.988070 41.779526 94.096390 45.913620 117.485527
51.131190 88.046720 43.818909 94.333305 47.952778 117.869339
53.178890 88.088740 45.878815 94.579735 49.977615 118.238876
55.228720 88.131890 47.950573 94.832329 52.001583 118.621918
57.257270 88.189930 49.972221 95.094620 54.002995 119.028473
59.284240 88.231390 51.969807 95.336632 56.009377 119.413330
61.307870 88.268110 53.978977 95.566093 58.012222 119.777527
63.333450 88.313230 56.010517 95.806000 60.005627 120.155579
65.383590 88.353950 58.028252 96.043053 61.979267 120.543602
67.446480 88.391970 60.055679 96.289177 63.983410 120.921310
69.483090 88.432190 62.067566 96.537895 65.965775 121.314087
71.551190 88.436950 64.081459 96.770973 67.951866 121.691620
73.590280 88.449790 66.101906 97.006973 69.942200 122.072906
75.642440 88.447490 68.116493 97.237839 71.930138 122.450371
77.675640 88.454840 70.133888 97.462692 73.921547 122.823418
79.705830 88.461020 72.141457 97.671158 75.905632 123.183441
81.744040 88.480290 74.153519 97.896812 77.888229 123.556053
83.774580 88.511400 76.163284 98.128693 79.882553 123.944908
85.799340 88.557110 78.162941 98.378860 81.869263 124.329727
87.804420 88.601160 80.180542 98.601341 83.864906 124.708382
89.806920 88.643630 82.190041 98.816093 85.826866 125.097267
91.803370 88.704770 84.206108 99.048965 87.801140 125.497948
93.754020 88.738080 86.170860 99.261864 89.729477 125.871437
95.670500 88.790390 88.121605 99.492416 91.651245 126.264488
97.538390 88.822000 90.031235 99.700600 93.518257 126.625366
99.322990 88.859730 91.855843 99.902046 95.301620 126.973114
100.954900 88.856800 93.545525 100.057976 96.957985 127.271103
102.409400 88.885030 95.050636 100.231598 98.431366 127.569977
103.660500 88.873010 96.368736 100.354675 99.709282 127.797180
104.773500 88.863290 97.523514 100.475143 100.845703 128.014771
105.718200 88.844540 98.525719 100.561714 101.836052 128.188919
106.475800 88.845300 99.345169 100.653931 102.643959 128.350311
107.080900 88.835950 99.973251 100.736267 103.267563 128.482376
107.600100 88.863550 100.456558 100.836838 103.725769 128.620132
108.075700 88.966910 100.855194 100.975227 104.131699 128.802292
108.506900 89.161700 101.253654 101.197098 104.508041 129.061768
108.887900 89.429650 101.602371 101.489998 104.812492 129.392380
109.267500 89.752890 101.932045 101.821320 105.118988 129.770294
109.650400 90.181660 102.251984 102.208740 105.410019 130.223801
110.007800 90.683680 102.555069 102.651054 105.675598 130.718567
110.331900 91.262390 102.838760 103.198723 105.917351 131.325974
110.663200 91.958220 103.116165 103.821419 106.150162 132.016327
110.947400 92.750780 103.360268 104.525543 106.344040 132.793274
111.190500 93.649870 103.572380 105.312622 106.495979 133.631149
111.329400 94.676260 103.696571 106.313225 106.565346 134.560913
111.382200 95.834440 103.751877 107.415390 106.544197 135.591400
111.376200 97.156700 103.732475 108.647919 106.452118 136.746353
111.321400 98.712080 103.704292 110.031029 106.252594 138.231262
111.179000 100.499200 103.558968 111.676682 105.946724 139.879730
111.052600 102.454500 103.362877 113.522377 105.641678 141.696686
110.953400 104.573600 103.191612 115.533691 105.295372 143.699097
110.848100 106.867600 102.961205 117.757095 104.914093 145.896103
110.729000 109.311900 102.690384 120.127251 104.477753 148.242493
110.604600 111.877700 102.378960 122.629623 103.997925 150.739609
110.451100 114.520800 102.034882 125.226334 103.458069 153.310944
110.254000 117.240000 101.622734 127.923004 102.818443 155.950653
110.055600 119.971100 101.210823 130.654648 102.188232 158.619217
109.855900 122.687400 100.813202 133.349899 101.556381 161.267334
109.666000 125.388400 100.416725 136.012360 100.919861 163.889587
109.501800 128.077800 100.022072 138.725876 100.338676 166.550568
109.371200 130.752800 99.686012 141.405457 99.776703 169.165436
109.256400 133.406800 99.368828 144.043732 99.236458 171.756439
109.149100 136.006600 99.044525 146.594528 98.692513 174.292511
109.039300 138.439400 98.732307 148.987961 98.189888 176.674057
108.946900 140.687200 98.458542 151.172913 97.717896 178.855362
108.848000 142.713600 98.197510 153.135681 97.273605 180.829926
108.759900 144.486400 97.958191 154.882538 96.887939 182.583496
108.690000 146.045200 97.738663 156.443192 96.540848 184.124649
108.715900 147.402400 97.569824 157.820145 96.244118 185.498657
108.827800 148.539800 97.424568 159.048019 95.988846 186.674149
108.921200 149.485400 97.309143 160.175186 95.801216 187.651855
109.006800 150.284400 97.210213 161.183228 95.660423 188.464554
109.049700 151.026600 97.125107 162.099533 95.550705 189.172928
109.110000 151.749000 97.090775 162.833252 95.456902 189.887604
109.240400 152.403100 97.084595 163.484161 95.370041 190.599899
109.344100 153.097600 97.041245 164.186356 95.249939 191.275620
109.452600 153.933600 97.009880 165.051041 95.134331 192.089294
109.521400 154.936000 96.942238 166.056030 94.975548 193.046143
109.584300 156.072700 96.856926 167.192871 94.776253 194.144913
109.645200 157.328900 96.790878 168.401611 94.587494 195.345596
109.667500 158.738000 96.650543 169.766251 94.328644 196.685410
109.715500 160.311600 96.510094 171.284485 94.073036 198.181946
109.696400 162.088600 96.329140 172.983398 93.762817 199.847275
109.648800 164.031700 96.088676 174.877670 93.414070 201.684052
109.639100 166.108700 95.894608 176.925171 93.026848 203.683990
109.633200 168.339900 95.703377 179.082230 92.558594 205.834686
109.612700 170.710700 95.462959 181.402252 92.120224 208.117233
109.583300 173.210300 95.174828 183.863785 91.581421 210.553787
109.553500 175.810400 94.889061 186.415207 91.032425 213.078049
109.534300 178.500200 94.544884 189.074875 90.474289 215.702515
109.535800 181.237100 94.245056 191.772461 89.916962 218.368332
109.577200 183.940500 93.921379 194.451630 89.398064 221.029297
109.589000 186.635900 93.665405 197.118286 88.892632 223.676514
109.627500 189.311100 93.428947 199.754898 88.397179 226.301697
109.659000 191.927100 93.139229 202.382355 87.875488 228.882904
109.629600 194.430300 92.849167 204.898575 87.325958 231.356400
109.574900 196.783200 92.541618 207.264709 86.788322 233.679703
109.514500 198.966200 92.249130 209.455048 86.286636 235.842041
109.471200 200.971300 91.982109 211.464432 85.831192 237.826263
109.448700 202.821200 91.756058 213.307526 85.427406 239.651749
109.448800 204.602200 91.684563 215.048859 85.066971 241.397583
109.487500 206.354100 91.532188 216.796310 84.748001 243.113907
109.546200 208.062400 91.350410 218.500839 84.415604 244.810822
109.610500 209.709200 91.211319 220.150391 84.121796 246.438278
109.671900 211.262700 91.085350 221.697937 83.863068 247.970490
109.705900 212.701800 90.977928 223.118423 83.588364 249.396896
109.734000 214.083700 90.858238 224.488708 83.293716 250.744614
109.731100 215.443500 90.686836 225.821930 82.993484 252.064026
109.707300 216.763900 90.523804 227.142075 82.675407 253.350464
109.699800 218.051000 90.380951 228.444565 82.380814 254.606491
109.686600 219.346900 90.213554 229.729233 82.093315 255.855148
109.662800 220.744800 90.042252 231.068115 81.801460 257.168427
109.624300 222.181900 89.866730 232.478348 81.499817 258.529297
109.632900 223.689900 89.719849 233.926346 81.215256 259.969360
109.598100 225.285500 89.504784 235.438736 80.865250 261.491669
109.569800 226.964200 89.297638 237.046097 80.492226 263.109161
109.440500 228.723900 89.014511 238.768036 80.046944 264.811401
109.201500 230.569600 88.704880 240.615509 79.498978 266.586456
108.840200 232.500400 88.269981 242.536041 78.818085 268.432281
108.453300 234.508400 87.770927 244.471954 78.082825 270.335724
108.103400 236.603300 87.221306 246.498184 77.374107 272.306763
107.820000 238.782500 86.737366 248.668350 76.652466 274.440704
107.625300 241.068300 86.344414 250.931610 76.015862 276.648315
107.500700 243.440400 85.999435 253.263184 75.430641 278.955078
107.404300 245.878200 85.664848 255.700211 74.862968 281.356171
107.332600 248.416100 85.364777 258.225983 74.327545 283.851990
107.256600 251.021300 85.072701 260.815094 73.752884 286.388458
107.176600 253.624800 84.756752 263.416992 73.173668 288.967377
107.085700 256.216800 84.419388 265.998901 72.588478 291.533234
106.990300 258.788300 84.108795 268.579376 71.994034 294.078369
106.888800 261.345700 83.766205 271.094269 71.392967 296.579407
106.803900 263.853500 83.423050 273.623596 70.806244 299.091888
106.756800 266.256500 83.103004 276.062195 70.238892 301.493683
106.736800 268.495900 82.802170 278.340912 69.726517 303.732483
106.721100 270.543000 82.556625 280.462677 69.249397 305.788391
106.664600 272.451300 82.310966 282.445465 68.820656 307.648254
106.602400 274.231700 82.103455 284.219727 68.422913 309.422028
106.541100 275.936000 81.904091 285.898407 68.014854 311.149078
106.490100 277.548900 81.717888 287.531921 67.661720 312.753113
106.431000 279.024300 81.546074 289.012329 67.338341 314.223297
106.436000 280.325900 81.444962 290.354980 67.097458 315.549255
106.525700 281.483400 81.404015 291.549347 66.932327 316.743011
106.690800 282.500200 81.430977 292.634735 66.862953 317.812897
106.934200 283.393700 81.520309 293.632935 66.905106 318.749451
107.264500 284.174800 81.703667 294.465210 66.989159 319.613800
107.615000 284.885400 81.903572 295.274994 67.092178 320.457520
108.052900 285.553000 82.165367 296.045319 67.326653 321.209320
108.564200 286.162300 82.465729 296.780853 67.576675 321.958862
109.134400 286.814700 82.813324 297.526764 67.881134 322.712280
109.716100 287.520500 83.170204 298.305481 68.241974 323.505005
110.122000 288.203000 83.599266 299.028442 68.663414 324.257568
110.422100 288.820000 84.037720 299.688995 68.921371 324.913574
110.586500 289.418300 84.375542 300.361511 69.055862 325.560181
110.618300 290.064100 84.536217 301.052185 69.054512 326.186890
110.518800 290.708100 84.599968 301.720520 68.939354 326.786896
110.370600 291.314300 84.586502 302.367554 68.759232 327.352295
110.141900 291.925400 84.494873 303.007355 68.505615 327.891602
109.836600 292.549000 84.309799 303.656433 68.163902 328.419495
109.496500 293.150200 84.055138 304.310730 67.764542 328.948486
109.127000 293.786300 83.822197 304.983154 67.284210 329.531677
108.698100 294.485100 83.370743 305.753662 66.756332 330.125031
108.256700 295.314100 82.725662 306.749451 66.193069 330.849518
107.818100 296.219200 82.125084 307.720306 65.600395 331.660675
107.428300 297.304000 81.548531 308.809601 65.020988 332.620483
107.065000 298.537100 81.049622 310.349579 64.457275 333.755920
106.761100 299.883000 80.614304 311.658203 63.909153 335.024750
106.504600 301.404000 80.203941 313.095123 63.373569 336.454529
106.275100 303.166000 79.805305 314.783905 62.822556 338.092682
106.085800 305.101300 79.433685 316.628510 62.272923 339.916931
105.832300 307.215400 78.995132 318.628296 61.664886 341.908905
105.631300 309.512000 78.545036 320.820892 61.037537 344.090637
105.511000 311.924600 78.115150 323.208984 60.395119 346.422791
105.445300 314.490700 77.768486 325.775879 59.833527 348.913910
105.421000 317.132600 77.451103 328.422150 59.308853 351.508545
105.442800 319.873700 77.183372 331.159393 58.772480 354.195312
105.446400 322.691700 76.908630 333.989105 58.226948 356.967865
105.418000 325.550100 76.570580 336.943573 57.644402 359.783447
105.395200 328.463500 76.241135 339.935760 57.047127 362.652924
105.363900 331.394800 75.915787 342.934631 56.446270 365.537292
105.291400 334.291700 75.553238 345.960602 55.827095 368.383057
105.220100 337.191700 75.166077 349.035217 55.209724 371.225891
105.144300 340.052300 74.800835 352.001709 54.584602 374.035553
105.074500 342.867900 74.433197 354.817108 53.938499 376.821869
105.008900 345.615600 74.047455 357.585266 53.276470 379.543945
104.963300 348.183800 73.661766 360.269562 52.625446 382.136658
104.902500 350.569000 73.313164 362.771484 52.028488 384.547455
104.816700 352.734300 73.027748 364.991058 51.497490 386.715363
104.677500 354.661300 72.764908 366.979828 51.018410 388.651001
104.615300 356.352300 72.558456 368.710968 50.636364 390.354126
104.604300 357.799100 72.408440 370.230499 50.335098 391.837494
104.701100 359.026400 72.322426 371.593079 50.145149 393.165680
104.890600 360.123900 72.277245 372.817383 50.091431 394.340454
105.192900 361.139800 72.373146 373.940430 50.149811 395.418427
105.583500 362.033500 72.650856 374.920258 50.318317 396.435608
106.094900 362.891300 73.042389 375.844299 50.630470 397.381134
106.699400 363.652300 73.501434 376.722229 51.017475 398.281342
107.414200 364.337700 74.032227 377.533844 51.546528 399.118469
108.207300 364.984000 74.704803 378.347992 52.189690 399.986481
109.274200 365.625100 75.551659 379.152954 53.055500 400.873077
110.518200 366.322000 76.717964 379.981750 54.137295 401.829041
111.969200 367.023500 78.004585 380.844330 55.369110 402.839355
113.629200 367.645200 79.400208 381.671478 56.772385 403.821960
115.502500 368.145800 80.943520 382.437164 58.344097 404.755768
117.562800 368.470200 82.670044 383.095276 60.115753 405.601776
119.826500 368.663600 84.656586 383.606537 62.116844 406.340942
122.238200 368.733400 87.012375 383.909698 64.429916 406.935089
124.812600 368.744200 89.613319 384.163788 66.947716 407.515594
127.509600 368.750200 92.337494 384.420563 69.606468 408.089722
130.334100 368.742700 95.185905 384.699097 72.359665 408.643433
133.295700 368.738200 98.157455 384.906982 75.222183 409.205750
136.383900 368.770400 101.221725 385.158600 78.235901 409.840546
139.555000 368.815800 104.361908 385.407074 81.373611 410.528503
142.817300 368.903900 107.603943 385.700470 84.589745 411.275879
146.129200 369.028000 110.891396 386.025543 87.837532 412.041504
149.483900 369.137700 114.240517 386.356079 91.155701 412.834869
152.891500 369.309800 117.791878 386.773254 94.517418 413.621368
156.306000 369.518300 121.339668 387.159332 97.902809 414.416534
159.737200 369.684200 124.868103 387.511078 101.310448 415.199890
163.198500 369.811800 128.288193 387.832306 104.714279 415.955261
166.695400 369.930000 131.769989 388.170105 108.111160 416.713379
170.207000 370.046100 135.019394 388.332245 111.596313 417.531738
173.771600 370.157300 138.369064 388.535645 115.135986 418.324036
177.360900 370.266500 141.819092 388.802673 118.688721 419.146576
180.975000 370.366900 145.334930 389.098236 122.260559 419.977386
184.518100 370.493400 148.950439 389.445465 125.833366 420.805176
188.057900 370.608200 152.621033 389.821899 129.391098 421.633209
191.649500 370.691100 156.242157 390.224426 132.934967 422.459900
195.256300 370.767500 159.858429 390.625305 136.479904 423.282288
198.849500 370.860000 163.468002 391.013275 139.991699 424.109711
202.381300 370.945800 167.038315 391.383026 143.471924 424.910156
205.845900 371.042000 170.519882 391.752930 146.884796 425.703247
209.282900 371.140100 174.001678 392.130249 150.291199 426.478516
212.668000 371.264500 177.424500 392.476685 153.590668 427.197052
216.064400 371.405600 180.780746 392.800812 156.879425 427.931732
219.481600 371.542500 184.180008 393.161072 160.222610 428.713715
222.884100 371.677600 187.589798 393.526459 163.567062 429.500580
226.298100 371.814800 191.014420 393.890289 166.927979 430.289734
229.735800 371.946300 194.451675 394.269073 170.280777 431.085052
233.194100 372.081100 197.947403 394.748383 173.671921 431.911682
236.650500 372.201800 201.386353 395.181152 177.038284 432.692719
240.111200 372.286400 204.850540 395.552551 180.374161 433.428833
243.564300 372.361500 208.303528 395.872772 183.746323 434.176392
247.015400 372.438700 211.758179 396.179932 187.190018 434.939178
250.457000 372.513500 215.244781 396.486450 190.590210 435.695129
253.891600 372.590900 218.689987 396.785706 193.981400 436.448822
257.290300 372.695800 222.095001 397.106567 197.328171 437.187164
260.690700 372.783400 225.460266 397.432861 200.692001 437.972992
264.069500 372.879600 228.839539 397.760498 204.023804 438.738312
267.431600 372.988700 232.205811 398.103455 207.330963 439.510956
270.776800 373.106400 235.537231 398.462097 210.611801 440.289948
274.109000 373.236700 238.888168 398.822540 213.919632 441.073212
277.432900 373.381900 242.250168 399.199799 217.184509 441.879608
280.759300 373.509600 245.626877 399.570435 220.485794 442.661865
284.056000 373.639500 249.009598 399.929260 223.757721 443.439819
287.359000 373.744400 252.386597 400.269440 227.031845 444.201416
290.659600 373.828200 255.699982 400.600677 230.274734 444.961700
293.947900 373.890800 258.966797 400.901703 233.488861 445.663147
297.237800 373.937600 262.248230 401.196259 236.729309 446.368927
300.521400 373.988900 265.522644 401.484741 239.939102 447.083344
303.768300 374.045300 268.783997 401.771332 243.136429 447.816833
306.957900 374.123300 272.129974 402.088287 246.394180 448.523529
310.146500 374.187500 275.428345 402.385468 249.587021 449.229858
313.322400 374.161000 278.669739 402.664978 252.748520 449.918762
316.483700 374.147700 281.887329 402.936096 255.887100 450.596954
319.614100 374.138000 285.064117 403.207275 258.987396 451.275696
322.710900 374.134900 288.209076 403.476349 262.036926 451.952118
325.754600 374.160500 291.312592 403.762970 265.063110 452.623688
328.760000 374.252700 294.369751 404.093842 268.035065 453.340881
331.723400 374.480400 297.350739 404.553497 270.932190 454.174042
334.629700 374.897700 300.256989 405.166168 273.711761 455.154297
337.443500 375.575200 303.103851 405.946411 276.382599 456.320374
340.190600 376.425800 305.876587 406.908081 278.970764 457.668976
342.858100 377.501000 308.577423 408.027283 281.437378 459.206360
345.468300 378.757900 311.198608 409.333740 283.796936 460.914642
348.031800 380.138800 313.766235 410.785095 286.082184 462.765259
350.528000 381.659100 316.250153 412.446320 288.301575 464.720398
353.018700 383.175200 318.740662 414.095032 290.509460 466.711945
355.491300 384.652000 321.220764 415.759338 292.710297 468.666840
357.947400 386.052400 323.704041 417.383026 294.933594 470.560059
360.450400 387.298300 326.241516 418.828064 297.220062 472.315979
362.989400 388.343200 328.660004 420.112518 299.570465 473.900848
365.629600 389.180000 331.432861 421.166504 302.031799 475.306519
368.276800 389.785200 334.182037 422.046417 304.580627 476.515289
371.000200 390.203900 336.956329 422.718994 307.214417 477.542725
373.810900 390.409900 339.799927 423.198212 309.939972 478.388885
376.669700 390.515800 342.689667 423.570740 312.752441 479.093567
379.565900 390.475800 345.604828 423.780945 315.639008 479.687225
382.519300 390.334600 348.592926 423.888977 318.592255 480.179596
385.568500 390.096400 351.579651 423.891632 321.608887 480.616180
388.667700 389.806400 354.676270 423.884796 324.675659 481.005768
391.801000 389.495500 357.816986 423.805328 327.794830 481.400513
394.948500 389.200900 360.958832 423.738953 330.953278 481.804718
398.070600 388.865200 364.114807 423.666473 334.133636 482.182800
401.148300 388.481900 367.288391 423.550781 337.299225 482.487854
404.065800 388.058900 370.352203 423.381561 340.335175 482.739502
406.691700 387.530400 373.087189 423.094849 343.079407 482.841278
409.000000 386.806300 375.510529 422.636841 345.593018 482.762177
410.962900 385.896000 377.665558 421.978760 347.811798 482.372589
412.562500 384.785500 379.464691 421.124664 349.728241 481.809387
413.996700 383.545300 381.054077 420.075623 351.479279 481.015259
415.180900 382.105900 382.439209 418.825806 352.992737 479.903351
416.123400 380.517100 383.653046 417.452515 354.331879 478.639862
416.780300 378.715300 384.633911 415.910126 355.434204 477.157990
417.257500 376.862000 385.300659 414.122192 356.375336 475.518341
417.474300 374.922400 385.795746 412.215302 357.120911 473.682892
417.570600 372.940800 386.119537 410.219421 357.706787 471.806213
417.595000 370.957200 386.381134 408.258331 358.209564 469.898285
417.608000 368.989000 386.599884 406.324707 358.684357 468.003387
417.583600 367.038100 386.769318 404.389557 359.125031 466.118774
417.563900 365.089500 386.922119 402.453003 359.549133 464.235657
417.541600 363.162600 387.070160 400.546448 359.957520 462.365509
417.537500 361.254500 387.221741 398.663422 360.375641 460.527222
417.528500 359.368700 387.324188 396.777649 360.763672 458.685913
417.528100 357.497400 387.467346 394.923523 361.180389 456.875641
417.533000 355.636800 387.611847 393.090515 361.585876 455.089661
417.535200 353.779400 387.752258 391.271179 361.986816 453.316559
417.571900 351.871300 387.897705 389.419495 362.403870 451.514282
417.625100 349.951000 388.055206 387.559052 362.849670 449.698120
417.694000 348.023900 388.255066 385.652100 363.327881 447.850342
417.785900 346.081700 388.452972 383.674896 363.835724 445.921417
417.908800 344.103500 388.650177 381.685944 364.387238 444.095367
418.015700 342.077300 388.857758 379.676788 364.936951 442.202271
418.081000 339.964700 389.043335 377.605011 365.463562 440.212738
418.090200 337.760700 389.183929 375.470123 365.958008 438.132751
418.050600 335.423900 389.305084 373.216064 366.430542 435.920624
417.958300 332.974100 389.389618 370.771393 366.882416 433.586639
417.860400 330.443200 389.415497 368.255707 367.291107 431.112366
417.712700 327.891600 389.376740 365.721863 367.662323 428.596069
417.482600 325.340400 389.259125 363.177368 367.930206 426.015961
417.033400 322.795700 389.047211 360.653473 368.149506 423.538757
416.342400 320.296000 388.636292 358.164154 368.143463 421.027405
415.500300 317.846800 388.054626 355.664124 367.927673 418.495483
414.502200 315.485600 387.271515 353.248047 367.546234 416.000610
413.318100 313.201700 386.354309 350.879364 366.967896 413.543396
412.032900 310.983400 385.363617 348.542938 366.240112 411.127319
410.705100 308.826400 384.340240 346.250946 365.436890 408.785522
409.332700 306.723300 383.007294 344.113495 364.625763 406.456635
407.938700 304.690300 381.840546 341.947845 363.687195 404.197021
406.473300 302.693100 380.457123 339.898682 362.717407 401.959106
404.955000 300.719700 379.090271 337.817047 361.715820 399.714447
403.421700 298.744000 377.683044 335.732269 360.657227 397.499908
401.884500 296.708900 376.318481 333.596375 359.621735 395.234100
400.391900 294.639900 374.983032 331.423859 358.624054 392.910828
398.848100 292.568900 373.726044 329.272247 357.710114 390.612946
397.412100 290.463600 372.474152 327.042084 356.849823 388.284149
396.057400 288.363000 371.299866 324.830475 356.047729 385.960083
394.718200 286.280300 370.138184 322.641052 355.259918 383.661346
393.408400 284.209500 369.004547 320.468262 354.497833 381.378601
392.117400 282.093800 367.853821 318.278717 353.730255 379.069458
390.835100 279.982500 366.704742 316.091919 352.972321 376.758148
389.579700 277.837900 365.613861 313.847473 352.258911 374.415924
388.345300 275.665600 364.532288 311.574738 351.575439 372.051758
387.120100 273.483200 363.468719 309.300964 350.902283 369.673004
385.875700 271.265000 362.405853 307.016052 350.221863 367.276917
384.628200 269.049200 361.336639 304.724365 349.540283 364.867615
383.381900 266.843000 360.250549 302.424988 348.856812 362.453064
382.125900 264.656300 359.167328 300.152802 348.169678 360.063324
380.854500 262.504300 358.078308 297.911621 347.470215 357.701691
379.661500 260.394600 356.977722 295.716980 346.736237 355.376770
378.446600 258.284100 355.849274 293.558228 345.977478 353.094818
377.135400 256.231900 354.686432 291.454163 345.200348 350.842926
375.830100 254.203900 353.548645 289.374969 344.428406 348.631683
374.666100 252.142300 352.421692 287.296417 343.673431 346.420441
373.467400 250.089900 351.288483 285.210815 342.910919 344.199524
372.260300 248.016900 350.121979 283.112122 342.111511 341.958038
371.007200 245.900200 348.911102 280.960754 341.289062 339.657806
369.693400 243.722700 347.647430 278.768524 340.462433 337.309448
368.315100 241.489500 346.382782 276.490540 339.582916 334.883759
366.888500 239.203500 345.072388 274.181732 338.681061 332.397461
365.460800 236.868900 343.722015 271.823608 337.772369 329.865997
364.012600 234.509600 342.370514 269.427460 336.868164 327.292450
362.529900 232.103900 341.036957 266.998169 336.001862 324.677521
361.127000 229.646700 339.758362 264.504700 335.140961 322.029175
359.661000 227.165200 338.455231 261.969543 334.284119 319.334930
358.172600 224.664800 337.125610 259.426514 333.376160 316.626770
356.667000 222.124500 335.742126 256.840576 332.480560 313.858124
355.093500 219.562900 334.290039 254.239502 331.499359 311.060852
353.424100 216.994400 332.779907 251.619125 330.460663 308.236908
351.712100 214.400800 331.224976 248.959320 329.384430 305.364441
349.975600 211.757600 329.643005 246.249786 328.295654 302.443909
348.217300 209.053900 328.055542 243.496185 327.198456 299.464783
346.440100 206.295800 326.444763 240.686142 326.093506 296.431885
344.718700 203.491400 324.844299 237.851440 325.004425 293.376709
343.048900 200.668300 323.261047 234.999954 323.932983 290.305908
341.324500 197.881200 321.683441 232.160034 322.858521 287.247498
339.568500 195.094400 320.122192 229.309677 321.805939 284.179199
337.852500 192.286600 318.584259 226.443741 320.792053 281.099762
336.194600 189.467000 317.044342 223.569794 319.771088 278.012543
334.505100 186.643600 315.475830 220.679688 318.764557 274.911163
332.810200 183.813400 313.854462 217.799911 317.765686 271.803558
331.136400 180.975200 312.289368 214.907974 316.780304 268.692413
329.490700 178.148700 310.843231 212.014587 315.811432 265.599426
327.932900 175.420200 309.416687 209.205185 314.872162 262.601715
326.471500 172.833200 308.061005 206.563934 313.991455 259.768311
325.095300 170.445000 306.797394 204.107941 313.180817 257.134369
323.762200 168.206100 305.608002 201.796570 312.414520 254.666580
322.412400 165.996900 304.410278 199.551575 311.617401 252.221313
321.011100 163.835400 303.181122 197.334274 310.789246 249.831924
319.641800 161.678600 301.920624 195.140076 309.951233 247.441467
318.295500 159.472400 300.733002 192.904129 309.177277 245.056808
316.951800 157.229300 299.584290 190.627014 308.433685 242.607208
315.588800 154.961100 298.380463 188.320679 307.648010 240.120529
314.135600 152.692800 297.131348 185.997528 306.824005 237.616226
312.631900 150.387300 295.867279 183.648880 305.974548 235.079788
311.148500 148.012100 294.540161 181.221024 305.110382 232.484360
309.612900 145.580200 293.227905 178.779526 304.221405 229.820374
308.016700 143.109100 291.874207 176.273193 303.331909 227.121811
306.331100 140.598200 290.462708 173.720810 302.388245 224.358154
304.564400 138.076000 288.975555 171.127991 301.381897 221.545395
302.797400 135.508900 287.382996 168.488098 300.276398 218.666534
300.997000 132.893600 285.835754 165.831787 299.241241 215.746933
299.222800 130.218600 284.294342 163.094315 298.191071 212.808701
297.437100 127.496300 282.735687 160.335526 297.149353 209.823090
295.655500 124.725500 281.153381 157.530289 296.085297 206.776642
293.887000 121.904900 279.561127 154.664688 295.023621 203.680542
292.106700 119.014900 277.937439 151.740570 293.935272 200.520432
290.285600 116.096800 276.319458 148.793823 292.869690 197.341965
288.486200 113.134700 274.695862 145.829453 291.790222 194.130249
286.686000 110.204800 273.055786 142.858093 290.702850 190.920990
284.893700 107.269000 271.407745 139.893616 289.612396 187.721558
283.126100 104.350100 269.764648 136.958603 288.520905 184.554474
281.355100 101.454500 268.116791 134.054001 287.438019 181.415329
279.594100 98.593690 266.451111 131.162964 286.364319 178.308487
277.853700 95.782330 264.828827 128.285080 285.307404 175.233917
276.123300 93.015090 263.278961 125.460960 284.260895 172.216507
274.407100 90.294590 261.750397 122.700523 283.222626 169.227493
272.692900 87.620630 260.265656 119.946732 282.282379 166.275436
270.986100 84.990760 258.679169 117.271057 281.272247 163.389511
269.325100 82.370640 257.136017 114.616447 280.228271 160.552643
267.721500 79.761360 255.634079 112.023537 279.195679 157.730957
266.125000 77.187760 254.176498 109.435410 278.201202 154.942078
264.542700 74.650060 252.725876 106.860069 277.234375 152.200607
262.985600 72.146080 251.309540 104.320557 276.294464 149.498627
261.442300 69.672120 249.898132 101.798164 275.354736 146.788300
259.914000 67.228910 248.505798 99.317245 274.424194 144.122437
258.304500 64.884450 247.135300 96.864761 273.523224 141.483353
256.745600 62.566170 245.811417 94.458244 272.650787 138.897385
255.295000 60.234750 244.531570 92.071564 271.796112 136.318878
253.997800 57.859320 243.412125 89.678131 271.178345 133.805038
252.910900 55.413560 242.527679 87.241943 270.696716 131.245087
252.070800 52.918370 241.834152 84.757294 270.449127 128.689667
251.456200 50.379500 241.306442 82.259445 270.442596 126.150024
251.101500 47.849010 241.019775 79.753021 270.667603 123.650810
250.932300 45.362320 240.948410 77.277908 271.117554 121.231911
250.858900 42.970440 241.009064 74.872704 271.635315 118.922340
250.880600 40.703100 241.149872 72.564835 272.176086 116.716492
250.860200 38.529600 241.225418 70.351921 272.673401 114.588707
250.643100 36.422190 241.155945 68.246864 273.021545 112.551765
250.219900 34.431510 240.862640 66.248688 273.143951 110.583130
249.550300 32.522370 240.378525 64.285110 273.025024 108.567780
248.682400 30.805930 239.759811 62.413120 272.678741 106.667381
247.595100 29.296170 238.981323 60.670765 272.056580 104.936150
246.325600 27.986790 237.678741 59.335262 271.239380 103.323174
244.806500 26.870520 236.276077 58.139263 270.123871 101.922165
243.208500 26.046220 234.851822 57.054630 268.856995 100.683807
241.618500 25.511990 233.397232 56.161964 267.496521 99.670341
240.183400 25.244680 232.007172 55.516220 266.181549 98.932716
238.935000 25.182690 230.697906 55.179329 264.961395 98.481308
237.834400 25.306400 229.515930 55.086823 263.843414 98.203407
236.751000 25.547440 228.400574 55.179752 262.791321 98.196518
235.819600 26.015040 227.360825 55.457340 261.781006 98.350357
235.018800 26.634010 226.422440 55.844112 260.845367 98.663010
234.322500 27.380390 225.570358 56.333466 259.977661 99.084412
233.665300 28.270030 224.799942 56.975883 259.167419 99.684204
233.152200 29.370220 224.098511 57.807621 258.387939 100.438927
232.717700 30.623840 223.485703 58.825428 257.645660 101.384537
232.381300 32.026050 223.036392 60.163769 256.947693 102.615089
232.146500 33.563930 222.684357 61.639755 256.312592 103.990707
231.970000 35.230950 222.377243 63.249554 255.684921 105.498795
231.824100 37.057360 222.075989 65.004745 255.059311 107.165039
231.711700 38.971820 221.677994 66.923859 254.430634 108.964912
231.613800 41.054710 221.412384 68.942101 253.811646 110.900139
231.500400 43.265380 221.102890 71.089684 253.145844 112.953667
231.399200 45.576380 220.805161 73.362709 252.473770 115.114273
231.319600 47.958050 220.559967 75.693619 251.798691 117.367661
231.245500 50.455120 220.316040 78.134499 251.095535 119.713196
231.179600 53.045730 220.057755 80.662018 250.344330 122.180717
231.112600 55.734600 219.810150 83.271828 249.615021 124.725227
231.018200 58.532000 219.548523 85.975128 248.873764 127.366959
230.923100 61.468330 219.279678 88.803703 248.076630 130.136322
230.781800 64.386420 219.006622 91.681114 247.244843 132.950089
230.554400 67.301250 218.613205 94.627724 246.353378 135.744171
230.382900 70.279420 218.245926 97.606888 245.445496 138.599808
230.251900 73.265810 217.906952 100.592079 244.568878 141.476089
230.117200 76.279160 217.580399 103.563080 243.689056 144.369980
229.963600 79.299000 217.185150 106.582581 242.783691 147.288391
229.812600 82.350860 216.832520 109.595863 241.875168 150.204086
229.639600 85.361680 216.493988 112.621063 240.984314 153.148102
229.508400 88.372400 216.148346 115.630714 240.119965 156.051834
229.396200 91.404150 215.844055 118.609138 239.273941 158.935181
229.226100 94.390420 215.483917 121.505707 238.399292 161.770126
229.043400 97.383610 215.090240 124.491455 237.461472 164.693375
228.915600 100.420900 214.790817 127.512741 236.596603 167.599579
228.777400 103.429600 214.474243 130.522324 235.698212 170.554520
228.620500 106.515300 214.141571 133.586090 234.783005 173.521240
228.492800 109.617700 213.818680 136.678253 233.876877 176.527252
228.345100 112.766000 213.480301 139.792831 232.965927 179.545029
228.262200 115.953800 213.138840 142.919159 232.054291 182.594727
228.174500 119.123600 212.784027 146.021805 231.127670 185.656952
228.062700 122.300500 212.434906 149.179764 230.190018 188.761780
227.923700 125.438600 212.055557 152.271011 229.252884 191.746994
227.800300 128.526100 211.697617 155.334686 228.324768 194.720139
227.652200 131.598300 211.321198 158.372482 227.391418 197.690125
227.534700 134.639400 210.960205 161.380966 226.517242 200.605591
227.419600 137.638100 210.597992 164.364182 225.652725 203.482819
227.314300 140.648200 210.279907 167.343399 224.778336 206.388245
227.209000 143.551900 209.967026 170.314041 223.899170 209.315018
227.066800 146.491000 209.604431 173.218460 223.004211 212.154312
226.958600 149.420900 209.258347 176.108002 222.142517 214.991776
226.876000 152.285800 208.954590 178.950882 221.319855 217.781845
226.800700 155.135000 208.654800 181.762314 220.522461 220.473053
226.731900 157.928600 208.359802 184.507874 219.729858 223.143707
226.671000 160.677000 208.084885 187.180206 218.989349 225.737274
226.582000 163.433500 207.772522 189.887711 218.161087 228.443939
226.485000 166.141300 207.450348 192.560013 217.355148 231.057480
226.397200 168.834800 207.084091 195.237991 216.485550 233.632248
226.291800 171.503000 206.744278 197.860184 215.668884 236.148560
226.193800 174.156400 206.406204 200.485657 214.846512 238.681152
226.097700 176.845900 206.074722 203.137085 214.063065 241.255142
226.004100 179.602700 205.751572 205.836899 213.257339 243.862930
225.899400 182.370000 205.441025 208.554626 212.445251 246.490875
225.790500 185.147000 205.111984 211.282990 211.630371 249.129715
225.666400 187.881700 204.770447 213.965500 210.803482 251.761444
225.559700 190.596700 204.453033 216.635361 210.006454 254.320450
225.450800 193.273500 204.144226 219.246902 209.222275 256.851379
225.344100 195.959200 203.813065 221.903366 208.402878 259.468536
225.255300 198.650900 203.494797 224.579758 207.613815 262.020508
225.193200 201.334900 203.221863 227.193878 206.875580 264.534485
225.127200 204.006800 202.925903 229.826736 206.105545 267.114990
225.065500 206.635300 202.633377 232.414276 205.340805 269.631470
225.010800 209.237100 202.372559 234.967651 204.609375 272.103912
224.942500 211.826000 202.080978 237.518417 203.862839 274.562622
224.891100 214.400400 201.803772 240.035751 203.132355 276.996246
224.851300 216.935700 201.533783 242.544510 202.428131 279.456177
224.574700 219.362300 201.316879 244.994843 201.747040 281.815063
224.296500 221.836900 201.041367 247.483444 201.024719 284.228455
224.077500 224.335800 200.776993 250.019547 200.322800 286.659607
223.912600 226.902200 200.526459 252.591904 199.607361 289.134216
223.741800 229.521600 200.252853 255.179886 198.852997 291.626648
223.606900 232.177000 199.977264 257.814697 198.085327 294.167175
223.385500 235.003000 199.662430 260.523621 197.292877 296.768829
223.159800 237.809300 199.305466 263.256165 196.443680 299.391479
222.960600 240.674800 198.936417 266.065491 195.557571 302.099579
222.792300 243.535000 198.572021 268.883270 194.691772 304.793121
222.588700 246.352100 198.211273 271.655212 193.813797 307.493011
222.380700 249.170100 197.848312 274.413635 192.939026 310.169434
222.221500 251.920200 197.521530 277.122711 192.108948 312.798828
222.080000 254.672900 197.182312 279.833771 191.292130 315.430847
221.956900 257.368500 196.901901 282.500549 190.497543 318.018768
221.829100 260.046700 196.598709 285.159973 189.706924 320.571777
221.692500 262.646800 196.275894 287.732697 188.892838 323.065002
221.568600 265.262200 195.973450 290.331177 188.107727 325.571350
221.459700 267.839700 195.699829 292.886749 187.334625 328.033630
221.336200 270.381800 195.381561 295.479340 186.551422 330.506317
221.189700 272.766200 195.079300 297.868164 185.799973 332.809998
221.088000 275.002000 194.819290 300.070923 185.106689 334.944733
221.026400 277.045600 194.617035 302.080383 184.504028 336.900879
221.049000 278.872300 194.504669 303.900940 184.029846 338.715668
221.129600 280.543300 194.442535 305.607544 183.648849 340.358765
221.219900 282.100200 194.427597 307.166931 183.322205 341.878662
221.344400 283.572300 194.440704 308.660400 183.038330 343.347992
221.383300 284.982800 194.399811 310.104095 182.713684 344.743317
221.427300 286.297500 194.376022 311.466858 182.409805 346.050659
221.355400 287.505400 194.313278 312.638062 182.036911 347.233826
221.243100 288.625800 194.159302 313.751862 181.635986 348.323792
221.036600 289.678700 193.943726 314.834015 181.179565 349.347931
220.706100 290.652000 193.598007 315.838776 180.626175 350.273132
220.342100 291.553100 193.197403 316.786713 180.011978 351.118317
219.853800 292.364600 192.760208 317.702026 179.359589 351.922577
219.269900 293.212700 192.233551 318.593048 178.637054 352.695099
218.538100 294.065300 191.576263 319.469391 177.740448 353.407959
217.686800 294.889800 190.782043 320.313507 176.712631 354.068176
216.657700 295.681400 189.774170 321.102966 175.561523 354.671173
215.444500 296.400100 188.646759 321.819946 174.206024 355.124329
214.042800 296.980800 187.248718 322.387146 172.720032 355.431519
212.392600 297.367200 185.716797 322.814667 171.087540 355.550598
210.496800 297.522800 184.012604 323.091736 169.277832 355.447388
208.422600 297.550500 182.086319 323.189941 167.283249 355.113342
206.131200 297.483400 180.028305 323.220581 165.161072 354.683838
203.651200 297.386400 177.730682 323.155853 162.843216 354.127563
200.976300 297.310600 175.107697 322.932617 160.286484 353.391113
198.089000 297.234800 172.330551 322.720551 157.537415 352.695831
194.997600 297.169600 169.351791 322.525940 154.506805 352.025146
191.702200 297.088100 166.133560 322.343933 151.278946 351.272308
188.259400 296.972900 162.672577 322.146362 147.923813 350.440002
184.687600 296.836900 159.056976 321.872070 144.441147 349.548798
180.991300 296.697500 155.325623 321.593475 140.830109 348.622162
177.262000 296.545800 151.546677 321.305176 137.182983 347.648621
173.558400 296.374900 147.775650 320.968597 133.523376 346.667267
169.919200 296.277600 144.026855 320.601013 129.886887 345.724731
166.317100 296.215600 140.311646 320.251465 126.290215 344.730713
162.711100 296.177000 136.620651 319.890930 122.687920 343.778137
159.134700 296.119900 132.929443 319.538330 119.100037 342.822144
155.571100 296.037800 129.251190 319.181763 115.537849 341.853363
152.007700 295.960500 125.571419 318.829987 111.979759 340.900024
148.468000 295.873200 121.929581 318.487000 108.454735 339.958740
144.946600 295.784900 118.320381 318.137115 104.962746 339.007751
141.444100 295.697900 114.783325 317.763123 101.507965 338.029144
137.975600 295.609100 111.245148 317.419800 98.033997 337.108643
134.474600 295.536100 107.719116 317.072540 94.585358 336.185699
131.021500 295.387200 104.197983 316.708038 91.172905 335.238159
127.584800 295.185200 100.780724 316.266602 87.805138 334.246735
124.194200 294.919100 97.384117 315.771393 84.555206 333.140961
120.833000 294.568800 94.026215 315.201935 81.318161 332.018372
117.524100 294.148300 90.719971 314.557739 78.119858 330.827057
114.277200 293.717200 87.466637 313.913086 75.055992 329.583801
111.044200 293.263000 84.186577 313.266724 71.952904 328.374847
107.875300 292.820400 80.988945 312.555817 68.940903 327.110229
104.688800 292.432800 77.792053 311.880859 65.933449 325.878387
101.526200 292.112800 74.640717 311.276337 62.910679 324.728760
98.320670 291.867700 71.447433 310.756897 59.866943 323.636841
95.075730 291.698100 68.209023 310.299042 56.810135 322.561554
91.781610 291.600800 64.933388 309.948853 53.675976 321.603027
88.461730 291.510300 61.606312 309.641174 50.483772 320.617554
85.094010 291.416400 58.229416 309.318909 47.241234 319.633881
81.672540 291.325000 54.804512 309.003143 43.940022 318.626862
78.223590 291.216800 51.370487 308.665558 40.620773 317.588440
74.766450 291.106600 47.903164 308.255188 37.332649 316.528809
71.344240 290.985400 44.475426 307.894165 34.060181 315.493622
67.941880 290.873200 41.101597 307.518738 30.825138 314.442261
64.574620 290.765700 37.766933 307.155487 27.626898 313.412933
61.246410 290.655900 34.416695 306.767700 24.443439 312.393036
57.944380 290.555500 31.129894 306.396271 21.303514 311.372284
54.688490 290.463900 27.898279 306.048889 18.225466 310.381500
51.465180 290.374800 24.731050 305.766327 15.204740 309.482635
48.250390 290.298700 21.553328 305.500702 12.147390 308.554138
45.050130 290.226400 18.381153 305.173370 9.092257 307.572449
41.875270 290.157700 15.245543 304.862885 6.082436 306.631012
38.711490 290.079000 12.148093 304.575653 3.113447 305.736542
35.578690 289.999000 9.052464 304.268524 0.140457 304.774902
32.468040 289.919000 6.021536 304.012848 -2.815336 303.844513
29.399030 289.855900 2.976789 303.696411 -5.737635 302.909027
26.374440 289.806000 0.003326 303.428314 -8.625492 301.967377
23.466190 289.753800 -2.905624 303.116669 -11.373379 301.146576
20.703250 289.695700 -5.680035 302.835266 -14.003671 300.387848
18.065590 289.632000 -8.316664 302.546112 -16.515459 299.571838
15.545090 289.573700 -10.813945 302.278259 -18.904922 298.809387
13.147890 289.520300 -13.191491 302.041260 -21.189154 298.076355
10.888030 289.488100 -15.434965 301.845123 -23.326477 297.425629
8.793075 289.520100 -17.573055 301.693268 -25.371122 296.845398
6.883822 289.607400 -19.561365 301.596985 -27.288126 296.353149
5.082836 289.770600 -21.394346 301.572144 -29.077681 296.007263
3.360773 289.989300 -23.121008 301.649323 -30.787273 295.754486
1.693438 290.246300 -24.809587 301.748657 -32.456459 295.533203
0.081762 290.523900 -26.467506 301.860168 -34.075340 295.331635
-1.454040 290.824700 -28.075842 301.989227 -35.651363 295.158478
-2.912142 291.153900 -29.620474 302.145233 -37.169868 295.021149
-4.263831 291.496500 -31.078444 302.327515 -38.590473 294.937866
-5.469629 291.865200 -32.420227 302.541656 -39.878445 294.922974
-6.561797 292.250200 -33.633240 302.783142 -41.081863 294.944244
-7.567325 292.720400 -34.782722 303.082092 -42.238689 295.033020
-8.250854 293.150700 -35.759499 303.389343 -43.054882 295.232605
-8.615564 293.414600 -36.553612 303.617981 -43.641090 295.386871
-8.701378 293.497800 -37.176147 303.753998 -44.000202 295.476349
-8.677816 293.476200 -37.143837 303.730316 -43.933250 295.454102
-8.670689 293.481400 -37.070583 303.732025 -43.919338 295.455383
-8.660467 293.476600 -37.029621 303.733856 -43.904530 295.454163
-8.651698 293.468700 -37.029667 303.734955 -43.891689 295.452850
-8.643833 293.460000 -36.774170 303.789307 -43.872742 295.456024
-8.651930 293.468400 -36.702572 303.825623 -43.868431 295.451996
-8.687854 293.502400 -36.736977 303.863678 -43.955173 295.478912
-8.762112 293.570000 -36.821873 303.914520 -44.061508 295.529602
-8.920494 293.730700 -37.009487 304.075470 -44.269749 295.653625
-9.169684 294.008200 -37.265762 304.307495 -44.590511 295.853577
-9.506103 294.394700 -37.560249 304.604858 -44.984165 296.121735
-9.958653 294.935000 -37.913471 304.964142 -45.452435 296.441467
-10.520470 295.675700 -38.333569 305.406067 -46.054958 296.871338
-11.117550 296.668100 -38.779800 305.984314 -46.752369 297.476227
-11.708500 297.866400 -39.256332 306.787292 -47.496616 298.266785
-12.237630 299.339200 -39.715168 307.770813 -48.271053 299.241302
-12.683330 301.018400 -40.132965 308.921448 -49.041527 300.394104
-13.070580 302.864600 -40.549320 310.284943 -49.851997 301.767822
-13.368680 304.910200 -41.095257 312.474823 -50.633301 303.292786
-13.565630 307.103100 -41.466183 314.450439 -51.421562 305.097717
-13.722500 309.483700 -41.804825 316.562439 -52.208340 307.060364
