0 0.003151 1.475499 100.000000 2.380952
0 0.001021 1.464333 200.000000 2.380952
10 0.003090 1.463648 100.000000 2.421308
10 0.000891 1.453351 200.000000 2.403846
20 0.002550 1.431123 100.000000 2.475248
20 0.000599 1.420783 200.000000 2.433090
30 0.001643 1.398053 100.000000 2.512563
30 0.000167 1.387883 200.000000 2.453988
40 0.000532 1.350626 100.000000 2.538071
40 0.000233 1.341463 200.000000 2.472188
50 0.000378 1.327317 100.000000 2.551020
50 0.000368 1.323192 200.000000 2.478315
60 0.000323 1.371391 100.000000 2.564103
60 0.000234 1.366040 200.000000 2.484472
70 0.001015 1.398980 100.000000 2.583979
70 0.000457 1.394840 200.000000 2.490660
80 0.001433 1.422313 100.000000 2.631579
80 0.000637 1.423877 200.000000 2.509410
90 0.001325 1.404456 100.000000 2.688172
90 0.000525 1.410383 200.000000 2.531646
100 0.000445 1.355428 100.000000 2.732240
100 0.000213 1.358783 200.000000 2.551020
110 0.001050 1.324816 100.000000 2.762431
110 0.000373 1.331421 200.000000 2.560819
120 0.001877 1.321108 100.000000 2.754821
120 0.000434 1.323318 200.000000 2.560819
130 0.001201 1.346704 100.000000 2.724796
130 0.000241 1.340782 200.000000 2.551020
140 0.000551 1.380238 100.000000 2.680965
140 0.000208 1.366077 200.000000 2.427185
150 0.000919 1.382719 100.000000 2.659575
150 0.000238 1.369996 200.000000 2.265006
160 0.000458 1.376888 100.000000 2.564103
170 0.000390 1.397374 100.000000 2.450980
180 0.000306 1.410790 100.000000 2.352941
190 0.000365 1.388885 100.000000 2.028398
200 0.000702 1.352960 100.000000 1.908397
210 0.000229 1.323250 100.000000 1.883239
220 0.000817 1.309663 100.000000 1.872659
230 0.000642 1.302848 100.000000 1.876173
240 0.000928 1.334543 100.000000 1.879699
250 0.000536 1.319764 100.000000 1.890359
260 0.000664 1.313182 100.000000 1.904762
270 0.000690 1.319179 100.000000 1.919386
280 0.000825 1.306661 100.000000 1.937984
290 0.000923 1.298083 100.000000 1.953125
300 0.000530 1.307825 100.000000 1.976285
310 0.000401 1.299613 100.000000 2.000000
320 0.000128 1.315797 100.000000 2.032520
330 0.000438 1.333161 100.000000 2.070393
340 0.000765 1.349904 100.000000 2.109705
350 0.001144 1.377215 100.000000 2.145923
360 0.001687 1.408244 100.000000 2.183406
370 0.001989 1.418182 100.000000 2.222222
380 0.001821 1.418322 100.000000 2.252252
390 0.002453 1.453874 100.000000 2.283105
400 0.002715 1.463674 100.000000 2.314815
410 0.000986 1.392088 100.000000 2.347418
420 0.001222 1.300548 100.000000 2.375297
430 0.001125 1.309735 100.000000 2.398082
440 0.000527 1.342483 100.000000 2.403846
450 0.000310 1.356016 100.000000 2.398082
460 0.000286 1.358120 100.000000 2.386635
470 0.000272 1.383864 100.000000 2.380952
480 0.000953 1.418891 100.000000 2.380952
490 0.001154 1.416870 100.000000 2.386635
500 0.000525 1.378189 100.000000 2.375297
510 0.000396 1.334151 100.000000 2.237136
520 0.000774 1.313874 100.000000 2.061856
530 0.000377 1.316417 100.000000 1.934236
