1.000000 0.000000 -0.000001 0.000000 0.000000 0.999999 -0.000000 0.000000 -0.000001 -0.000000 0.999999 0.000000
0.999998 0.000448 0.002072 0.265379 -0.000449 0.999999 0.000546 0.022580 -0.002073 -0.000547 0.999997 0.034328
0.999997 -0.000614 0.002569 0.611738 0.000612 0.999999 0.001049 0.016678 -0.002569 -0.001047 0.999996 0.040014
1.000000 0.000057 0.000704 0.965854 -0.000058 0.999999 0.001318 0.026861 -0.000705 -0.001318 0.999998 0.024752
0.999997 -0.001718 0.001966 1.313389 0.001716 0.999998 0.001219 0.012886 -0.001968 -0.001215 0.999997 0.037571
0.999993 -0.002497 0.002948 1.655865 0.002495 0.999996 0.001031 0.005107 -0.002951 -0.001025 0.999995 0.045824
0.999989 -0.003078 0.003529 1.997592 0.003075 0.999994 0.000980 0.001910 -0.003532 -0.000969 0.999993 0.050432
0.999986 -0.003563 0.003819 2.332189 0.003558 0.999992 0.001208 0.000683 -0.003824 -0.001195 0.999992 0.056832
0.999982 -0.004333 0.004371 2.670169 0.004326 0.999989 0.001582 -0.001510 -0.004378 -0.001564 0.999989 0.061897
0.999984 -0.004800 0.003089 3.002969 0.004796 0.999987 0.001200 0.001469 -0.003095 -0.001186 0.999994 0.072367
0.999989 -0.004749 -0.000020 3.331579 0.004749 0.999988 0.000295 0.008989 0.000018 -0.000295 1.000000 0.082319
0.999985 -0.004858 -0.002684 3.654176 0.004857 0.999988 -0.000434 0.014807 0.002685 0.000421 0.999996 0.090400
0.999978 -0.004790 -0.004600 3.971249 0.004785 0.999988 -0.001180 0.023333 0.004605 0.001158 0.999988 0.099360
0.999974 -0.004630 -0.005593 4.285641 0.004620 0.999987 -0.001916 0.031693 0.005601 0.001891 0.999982 0.106195
0.999965 -0.004555 -0.007048 4.594889 0.004537 0.999985 -0.002659 0.039962 0.007060 0.002627 0.999971 0.111856
0.999955 -0.004690 -0.008272 4.900324 0.004667 0.999985 -0.002823 0.046630 0.008285 0.002785 0.999961 0.117409
0.999953 -0.004922 -0.008292 5.205890 0.004902 0.999984 -0.002450 0.052231 0.008303 0.002409 0.999962 0.123730
0.999955 -0.005147 -0.008042 5.510595 0.005131 0.999985 -0.001955 0.058043 0.008051 0.001914 0.999966 0.128028
0.999955 -0.005432 -0.007842 5.812478 0.005421 0.999984 -0.001457 0.063297 0.007849 0.001414 0.999968 0.131960
0.999955 -0.005606 -0.007671 6.112539 0.005597 0.999983 -0.001399 0.068305 0.007679 0.001355 0.999969 0.135589
0.999956 -0.005679 -0.007511 6.409859 0.005668 0.999982 -0.001572 0.073221 0.007520 0.001529 0.999970 0.139356
0.999955 -0.005811 -0.007448 6.704391 0.005800 0.999982 -0.001578 0.078376 0.007457 0.001535 0.999970 0.142575
0.999959 -0.006013 -0.006830 6.998463 0.005999 0.999979 -0.001998 0.080288 0.006841 0.001957 0.999975 0.146473
0.999959 -0.006015 -0.006692 7.289696 0.005999 0.999978 -0.002489 0.083025 0.006706 0.002448 0.999974 0.149782
0.999959 -0.005937 -0.006979 7.576146 0.005918 0.999979 -0.002605 0.086573 0.006994 0.002564 0.999972 0.151605
0.999957 -0.005938 -0.007180 7.859160 0.005919 0.999978 -0.002819 0.088594 0.007196 0.002776 0.999969 0.151445
0.999960 -0.005992 -0.006551 8.139815 0.005976 0.999979 -0.002400 0.092290 0.006566 0.002361 0.999976 0.155492
0.999957 -0.006062 -0.007077 8.415914 0.006048 0.999979 -0.002012 0.095983 0.007089 0.001968 0.999972 0.156372
0.999960 -0.006141 -0.006524 8.692210 0.006130 0.999979 -0.001800 0.098640 0.006535 0.001760 0.999977 0.159586
0.999960 -0.006151 -0.006520 8.961362 0.006140 0.999979 -0.001756 0.101868 0.006530 0.001717 0.999977 0.161317
0.999958 -0.006200 -0.006681 9.229419 0.006185 0.999978 -0.002185 0.101190 0.006693 0.002144 0.999975 0.163920
0.999957 -0.006079 -0.007045 9.495064 0.006063 0.999978 -0.002382 0.103170 0.007058 0.002339 0.999972 0.166934
0.999959 -0.005929 -0.006937 9.757354 0.005913 0.999980 -0.002320 0.106617 0.006950 0.002280 0.999973 0.169978
0.999962 -0.005834 -0.006516 10.019934 0.005820 0.999980 -0.002192 0.108765 0.006528 0.002155 0.999977 0.172601
0.999959 -0.005704 -0.007086 10.280040 0.005692 0.999982 -0.001661 0.113523 0.007095 0.001621 0.999974 0.174878
0.999953 -0.005703 -0.007804 10.544702 0.005691 0.999982 -0.001543 0.116307 0.007811 0.001499 0.999968 0.176323
0.999947 -0.005703 -0.008564 10.812286 0.005689 0.999982 -0.001574 0.120811 0.008572 0.001525 0.999961 0.177534
0.999940 -0.005898 -0.009235 11.083529 0.005883 0.999981 -0.001664 0.124477 0.009244 0.001609 0.999956 0.178658
0.999934 -0.006172 -0.009660 11.359523 0.006158 0.999979 -0.001510 0.128592 0.009668 0.001450 0.999952 0.179512
0.999929 -0.006472 -0.009962 11.643354 0.006459 0.999978 -0.001415 0.133107 0.009970 0.001350 0.999949 0.181394
0.999923 -0.007090 -0.010246 11.935390 0.007078 0.999974 -0.001242 0.136821 0.010254 0.001170 0.999947 0.182694
0.999914 -0.007856 -0.010466 12.235472 0.007844 0.999968 -0.001247 0.141692 0.010475 0.001164 0.999944 0.185162
0.999900 -0.008803 -0.011078 12.543839 0.008794 0.999960 -0.000871 0.147101 0.011085 0.000773 0.999938 0.185450
0.999889 -0.009625 -0.011345 12.865288 0.009621 0.999953 -0.000405 0.153512 0.011347 0.000295 0.999935 0.186973
0.999870 -0.010457 -0.012346 13.192489 0.010461 0.999945 0.000267 0.161557 0.012343 -0.000396 0.999923 0.188160
0.999853 -0.011245 -0.013022 13.533873 0.011253 0.999936 0.000519 0.169621 0.013015 -0.000665 0.999915 0.190676
0.999835 -0.012022 -0.013632 13.889301 0.012030 0.999928 0.000520 0.176689 0.013624 -0.000684 0.999906 0.193341
0.999820 -0.012779 -0.014058 14.258835 0.012790 0.999918 0.000636 0.184018 0.014048 -0.000815 0.999900 0.196067
0.999811 -0.013497 -0.013992 14.644040 0.013510 0.999908 0.000817 0.191849 0.013979 -0.001006 0.999902 0.199332
0.999812 -0.013972 -0.013484 15.047025 0.013979 0.999901 0.000419 0.199283 0.013476 -0.000608 0.999909 0.203266
0.999818 -0.014147 -0.012870 15.466510 0.014153 0.999900 0.000398 0.206846 0.012862 -0.000581 0.999917 0.207153
0.999821 -0.014270 -0.012466 15.898632 0.014281 0.999897 0.000680 0.215333 0.012455 -0.000858 0.999922 0.210978
0.999820 -0.014584 -0.012147 16.344755 0.014597 0.999893 0.001006 0.224065 0.012131 -0.001184 0.999925 0.215535
0.999825 -0.014866 -0.011333 16.809563 0.014879 0.999888 0.001028 0.231827 0.011316 -0.001196 0.999935 0.221198
0.999826 -0.014830 -0.011363 17.287003 0.014842 0.999889 0.000944 0.239882 0.011347 -0.001112 0.999934 0.225679
0.999833 -0.014756 -0.010845 17.782927 0.014766 0.999890 0.000832 0.248199 0.010831 -0.000991 0.999940 0.230461
0.999830 -0.014965 -0.010821 18.289406 0.014983 0.999886 0.001507 0.259135 0.010797 -0.001669 0.999940 0.234678
0.999826 -0.015108 -0.010918 18.808361 0.015134 0.999882 0.002249 0.269884 0.010883 -0.002414 0.999938 0.238923
0.999828 -0.015050 -0.010813 19.343866 0.015078 0.999883 0.002536 0.280537 0.010773 -0.002700 0.999938 0.243458
0.999828 -0.014929 -0.011085 19.886629 0.014960 0.999884 0.002666 0.292556 0.011043 -0.002831 0.999934 0.248950
0.999819 -0.015067 -0.011572 20.434687 0.015099 0.999882 0.002743 0.305804 0.011529 -0.002917 0.999929 0.254697
0.999820 -0.015133 -0.011513 20.996580 0.015166 0.999881 0.002762 0.318672 0.011469 -0.002935 0.999930 0.258583
0.999820 -0.014949 -0.011669 21.575268 0.014984 0.999883 0.002774 0.331752 0.011626 -0.002949 0.999928 0.263168
0.999829 -0.015046 -0.010754 22.164541 0.015075 0.999882 0.002713 0.344726 0.010711 -0.002876 0.999939 0.266179
0.999851 -0.015264 -0.008133 22.766281 0.015283 0.999880 0.002343 0.357955 0.008096 -0.002466 0.999964 0.269731
0.999872 -0.015231 -0.005095 23.372026 0.015239 0.999882 0.001488 0.371968 0.005071 -0.001566 0.999986 0.273623
0.999880 -0.015399 -0.001426 23.977804 0.015400 0.999881 0.000366 0.385918 0.001419 -0.000388 0.999998 0.274038
0.999873 -0.015793 0.002039 24.585073 0.015795 0.999875 -0.000448 0.399890 -0.002032 0.000480 0.999997 0.271552
0.999860 -0.016017 0.004718 25.189472 0.016023 0.999871 -0.001084 0.414853 -0.004701 0.001160 0.999987 0.266540
0.999846 -0.016261 0.006647 25.791969 0.016272 0.999865 -0.001664 0.430161 -0.006621 0.001773 0.999977 0.259804
0.999827 -0.016734 0.008132 26.394470 0.016751 0.999857 -0.002042 0.444944 -0.008099 0.002177 0.999964 0.253931
0.999814 -0.017100 0.008996 26.996326 0.017122 0.999850 -0.002358 0.459716 -0.008954 0.002511 0.999956 0.249257
0.999799 -0.017348 0.010097 27.596882 0.017375 0.999846 -0.002519 0.474165 -0.010052 0.002694 0.999945 0.243848
0.999776 -0.017781 0.011458 28.197371 0.017809 0.999838 -0.002325 0.488494 -0.011415 0.002528 0.999931 0.237732
0.999755 -0.018228 0.012601 28.795198 0.018261 0.999830 -0.002487 0.501935 -0.012554 0.002716 0.999917 0.231185
0.999737 -0.018471 0.013647 29.391085 0.018515 0.999823 -0.003078 0.514894 -0.013589 0.003330 0.999902 0.224324
0.999712 -0.018837 0.014867 29.982559 0.018889 0.999816 -0.003265 0.528503 -0.014804 0.003544 0.999884 0.216697
0.999680 -0.019326 0.016331 30.575239 0.019382 0.999806 -0.003238 0.543159 -0.016266 0.003553 0.999861 0.207670
0.999660 -0.019592 0.017211 31.163673 0.019654 0.999801 -0.003388 0.558251 -0.017142 0.003725 0.999846 0.197337
0.999647 -0.019862 0.017630 31.744207 0.019924 0.999795 -0.003398 0.573040 -0.017560 0.003748 0.999839 0.188083
0.999628 -0.020320 0.018168 32.323364 0.020388 0.999785 -0.003519 0.587113 -0.018093 0.003887 0.999828 0.179557
0.999615 -0.020682 0.018499 32.903072 0.020759 0.999777 -0.003934 0.601125 -0.018415 0.004316 0.999821 0.170431
0.999623 -0.020870 0.017880 33.476578 0.020951 0.999771 -0.004270 0.615704 -0.017787 0.004643 0.999831 0.160951
0.999624 -0.021284 0.017277 34.046200 0.021362 0.999763 -0.004291 0.629959 -0.017182 0.004659 0.999841 0.152435
0.999629 -0.021703 0.016456 34.612976 0.021781 0.999752 -0.004581 0.643572 -0.016353 0.004937 0.999854 0.145012
0.999639 -0.021903 0.015570 35.177345 0.021978 0.999747 -0.004638 0.657924 -0.015466 0.004979 0.999867 0.138301
0.999592 -0.023599 0.016121 35.729370 0.023678 0.999708 -0.004670 0.651193 -0.016007 0.005050 0.999859 0.145741
0.999604 -0.023560 0.015378 36.279007 0.023628 0.999711 -0.004232 0.642727 -0.015275 0.004594 0.999873 0.156361
0.999632 -0.023195 0.014076 36.829395 0.023259 0.999720 -0.004404 0.643376 -0.013970 0.004729 0.999891 0.162775
0.999652 -0.022750 0.013344 37.377102 0.022823 0.999725 -0.005304 0.667567 -0.013220 0.005607 0.999897 0.168958
0.999682 -0.022381 0.011673 37.925701 0.022443 0.999734 -0.005273 0.696907 -0.011553 0.005533 0.999918 0.172610
0.999702 -0.022090 0.010406 38.478455 0.022145 0.999741 -0.005201 0.726128 -0.010289 0.005430 0.999932 0.168210
0.999722 -0.021712 0.009228 39.030033 0.021762 0.999749 -0.005392 0.747794 -0.009109 0.005590 0.999943 0.161549
0.999735 -0.021545 0.008199 39.578625 0.021590 0.999752 -0.005412 0.760445 -0.008081 0.005588 0.999951 0.155493
0.999743 -0.021495 0.007144 40.124367 0.021535 0.999753 -0.005464 0.769829 -0.007025 0.005616 0.999959 0.147886
0.999752 -0.021386 0.006181 40.661339 0.021423 0.999753 -0.005934 0.780958 -0.006054 0.006065 0.999963 0.143300
0.999758 -0.021173 0.006047 41.194946 0.021213 0.999753 -0.006528 0.795556 -0.005908 0.006656 0.999960 0.142625
0.999757 -0.021131 0.006397 41.725739 0.021177 0.999750 -0.007197 0.810235 -0.006244 0.007330 0.999953 0.140633
0.999753 -0.021202 0.006706 42.254494 0.021252 0.999746 -0.007441 0.824800 -0.006547 0.007582 0.999950 0.136870
0.999753 -0.020974 0.007319 42.781147 0.021033 0.999747 -0.007995 0.839495 -0.007151 0.008148 0.999941 0.131990
0.999750 -0.020830 0.008187 43.305935 0.020900 0.999745 -0.008513 0.853768 -0.008008 0.008682 0.999930 0.127916
0.999739 -0.020959 0.009014 43.828201 0.021041 0.999737 -0.009090 0.867447 -0.008822 0.009277 0.999917 0.124497
0.999731 -0.021129 0.009601 44.346233 0.021225 0.999726 -0.009871 0.880875 -0.009390 0.010072 0.999905 0.121824
0.999721 -0.021300 0.010225 44.862110 0.021408 0.999714 -0.010613 0.894431 -0.009997 0.010829 0.999891 0.118713
0.999708 -0.021577 0.010885 45.370945 0.021692 0.999708 -0.010560 0.909247 -0.010655 0.010793 0.999885 0.114815
0.999685 -0.022154 0.011860 45.882992 0.022278 0.999696 -0.010510 0.923288 -0.011624 0.010771 0.999874 0.109163
0.999660 -0.022726 0.012786 46.392387 0.022866 0.999678 -0.010928 0.937738 -0.012534 0.011217 0.999858 0.102749
0.999640 -0.023289 0.013323 46.895275 0.023444 0.999657 -0.011605 0.952148 -0.013049 0.011913 0.999843 0.097193
0.999602 -0.024196 0.014482 47.397423 0.024370 0.999632 -0.011921 0.967149 -0.014188 0.012269 0.999823 0.092226
0.999566 -0.025122 0.015397 47.897564 0.025314 0.999602 -0.012396 0.981686 -0.015080 0.012781 0.999804 0.086341
0.999528 -0.026096 0.016232 48.398296 0.026309 0.999568 -0.013100 0.997233 -0.015884 0.013521 0.999782 0.078921
0.999487 -0.026970 0.017275 48.897240 0.027220 0.999526 -0.014345 1.012097 -0.016881 0.014807 0.999748 0.070228
0.999454 -0.027930 0.017698 49.384247 0.028195 0.999492 -0.014833 1.028960 -0.017275 0.015324 0.999733 0.062620
0.999418 -0.028998 0.017991 49.868031 0.029269 0.999459 -0.014968 1.045836 -0.017548 0.015485 0.999725 0.056583
0.999385 -0.029901 0.018314 50.352505 0.030190 0.999421 -0.015684 1.063680 -0.017835 0.016227 0.999709 0.050390
0.999354 -0.030721 0.018692 50.833279 0.031035 0.999379 -0.016708 1.080698 -0.018167 0.017276 0.999685 0.043779
0.999318 -0.031744 0.018904 51.310959 0.032072 0.999336 -0.017281 1.098971 -0.018344 0.017875 0.999672 0.037482
0.999289 -0.032807 0.018545 51.786552 0.033131 0.999299 -0.017405 1.116990 -0.017961 0.018007 0.999676 0.032590
0.999269 -0.033606 0.018211 52.258640 0.033937 0.999257 -0.018216 1.134263 -0.017586 0.018820 0.999668 0.027940
0.999260 -0.034391 0.017242 52.727287 0.034703 0.999234 -0.018090 1.151861 -0.016608 0.018675 0.999687 0.024380
0.999248 -0.035261 0.016132 53.190956 0.035542 0.999216 -0.017459 1.171818 -0.015504 0.018019 0.999717 0.023248
0.999231 -0.036350 0.014713 53.649231 0.036588 0.999198 -0.016241 1.190188 -0.014112 0.016766 0.999759 0.022437
0.999209 -0.037189 0.014119 54.107189 0.037407 0.999180 -0.015452 1.209235 -0.013533 0.015968 0.999781 0.021822
0.999197 -0.037849 0.013190 54.561539 0.038040 0.999170 -0.014501 1.228246 -0.012631 0.014991 0.999808 0.021232
0.999185 -0.038439 0.012306 55.009056 0.038600 0.999169 -0.013034 1.247401 -0.011795 0.013498 0.999839 0.020914
0.999174 -0.038972 0.011535 55.452747 0.039104 0.999169 -0.011442 1.266883 -0.011080 0.011883 0.999867 0.019908
0.999164 -0.039359 0.011094 55.889198 0.039478 0.999163 -0.010623 1.287201 -0.010668 0.011051 0.999881 0.018347
0.999162 -0.039474 0.010834 56.322697 0.039589 0.999160 -0.010556 1.306851 -0.010409 0.010976 0.999886 0.016383
0.999167 -0.039439 0.010534 56.750263 0.039543 0.999169 -0.009928 1.326068 -0.010135 0.010337 0.999895 0.014976
0.999169 -0.039404 0.010490 57.175930 0.039502 0.999176 -0.009292 1.345689 -0.010116 0.009699 0.999901 0.013400
0.999162 -0.039567 0.010505 57.597748 0.039660 0.999174 -0.008704 1.365383 -0.010154 0.009113 0.999906 0.010423
0.999168 -0.039429 0.010386 58.012516 0.039519 0.999182 -0.008532 1.385001 -0.010042 0.008934 0.999909 0.006892
0.999178 -0.039219 0.010343 58.422173 0.039309 0.999189 -0.008680 1.404132 -0.009996 0.009080 0.999909 0.004201
0.999177 -0.039217 0.010419 58.828873 0.039308 0.999191 -0.008505 1.422489 -0.010077 0.008907 0.999909 0.002752
0.999172 -0.039306 0.010536 59.230480 0.039394 0.999189 -0.008277 1.440970 -0.010202 0.008685 0.999910 0.001303
0.999167 -0.039491 0.010318 59.629795 0.039573 0.999186 -0.007745 1.459725 -0.010004 0.008146 0.999917 -0.000223
0.999161 -0.039600 0.010520 60.025066 0.039679 0.999185 -0.007427 1.479344 -0.010218 0.007838 0.999917 -0.002010
0.999157 -0.039837 0.010026 60.414505 0.039909 0.999178 -0.007028 1.498294 -0.009739 0.007422 0.999925 -0.003399
0.999148 -0.040258 0.009019 60.801346 0.040320 0.999163 -0.006756 1.517200 -0.008740 0.007114 0.999936 -0.004223
0.999134 -0.040850 0.007964 61.183678 0.040900 0.999144 -0.006078 1.535404 -0.007710 0.006398 0.999950 -0.003955
0.999117 -0.041339 0.007480 61.564617 0.041381 0.999128 -0.005519 1.554008 -0.007246 0.005824 0.999956 -0.003797
0.999101 -0.041704 0.007577 61.941235 0.041748 0.999112 -0.005636 1.572620 -0.007335 0.005947 0.999955 -0.004609
0.999090 -0.041997 0.007382 62.316605 0.042039 0.999101 -0.005529 1.591133 -0.007143 0.005833 0.999957 -0.005743
0.999072 -0.042436 0.007279 62.683186 0.042475 0.999083 -0.005247 1.609697 -0.007049 0.005551 0.999959 -0.007750
0.999054 -0.042866 0.007257 63.046696 0.042904 0.999066 -0.005080 1.627680 -0.007033 0.005386 0.999960 -0.010478
0.999042 -0.043208 0.006976 63.408859 0.043244 0.999052 -0.004956 1.645829 -0.006755 0.005253 0.999963 -0.012223
0.999033 -0.043379 0.007161 63.767662 0.043416 0.999044 -0.005032 1.663157 -0.006936 0.005338 0.999962 -0.014041
0.999038 -0.043305 0.006875 64.126526 0.043338 0.999049 -0.004745 1.682534 -0.006663 0.005038 0.999965 -0.016539
0.999040 -0.043226 0.007131 64.485558 0.043260 0.999054 -0.004445 1.701128 -0.006933 0.004748 0.999964 -0.019556
0.999041 -0.043160 0.007299 64.849380 0.043191 0.999058 -0.004088 1.719534 -0.007115 0.004399 0.999964 -0.021799
0.999048 -0.043041 0.007151 65.211494 0.043068 0.999064 -0.003681 1.738024 -0.006987 0.003985 0.999967 -0.023588
0.999055 -0.042889 0.006968 65.574562 0.042913 0.999073 -0.003385 1.756603 -0.006818 0.003680 0.999969 -0.025358
0.999062 -0.042767 0.006804 65.939034 0.042791 0.999078 -0.003416 1.774892 -0.006652 0.003704 0.999971 -0.026888
0.999066 -0.042668 0.006870 66.305847 0.042692 0.999082 -0.003255 1.793257 -0.006726 0.003545 0.999971 -0.028481
0.999067 -0.042630 0.006896 66.673386 0.042649 0.999086 -0.002674 1.812114 -0.006777 0.002966 0.999973 -0.030844
0.999067 -0.042691 0.006618 67.045860 0.042704 0.999086 -0.001730 1.831162 -0.006539 0.002011 0.999977 -0.034125
0.999077 -0.042580 0.005643 67.420380 0.042588 0.999092 -0.001240 1.849715 -0.005586 0.001479 0.999983 -0.037552
0.999104 -0.042055 0.004703 67.802422 0.042059 0.999114 -0.000867 1.867622 -0.004663 0.001064 0.999988 -0.040795
0.999154 -0.040907 0.004312 68.190948 0.040905 0.999162 0.000379 1.885801 -0.004324 -0.000203 0.999990 -0.044276
0.999221 -0.039210 0.004659 68.585510 0.039199 0.999229 0.002401 1.904092 -0.004750 -0.002217 0.999986 -0.047649
0.999304 -0.036936 0.005239 68.988586 0.036911 0.999307 0.004802 1.922067 -0.005413 -0.004606 0.999975 -0.050767
0.999409 -0.034009 0.005041 69.401588 0.033975 0.999400 0.006746 1.939287 -0.005267 -0.006571 0.999964 -0.053524
0.999389 -0.034487 0.005774 69.878212 0.034454 0.999390 0.005691 1.902723 -0.005968 -0.005488 0.999967 -0.047966
0.999598 -0.027881 0.005002 70.363724 0.027855 0.999596 0.005433 1.866585 -0.005152 -0.005291 0.999973 -0.039824
0.999792 -0.020421 -0.000324 70.715500 0.020423 0.999771 0.006176 1.977115 0.000197 -0.006181 0.999981 -0.045919
0.999882 -0.015224 0.002149 71.165932 0.015209 0.999862 0.006620 1.990078 -0.002250 -0.006586 0.999975 -0.048543
0.999950 -0.009782 0.002048 71.630936 0.009769 0.999929 0.006747 1.999874 -0.002115 -0.006727 0.999975 -0.054185
0.999992 -0.004191 -0.000082 72.072701 0.004191 0.999974 0.005896 2.009512 0.000056 -0.005897 0.999982 -0.056084
0.999999 0.001258 -0.000926 72.606255 -0.001250 0.999968 0.007778 2.011878 0.000935 -0.007778 0.999969 -0.063713
0.999977 0.006749 -0.000680 73.118683 -0.006743 0.999939 0.008653 2.012467 0.000738 -0.008648 0.999962 -0.063354
0.999922 0.012474 0.000284 73.644508 -0.012475 0.999888 0.008177 2.010256 -0.000182 -0.008180 0.999966 -0.061694
0.999832 0.018330 0.000237 74.184929 -0.018332 0.999802 0.007674 2.005529 -0.000097 -0.007677 0.999970 -0.061818
0.999712 0.024043 -0.000138 74.738342 -0.024042 0.999685 0.007105 1.998024 0.000308 -0.007100 0.999974 -0.063779
0.999554 0.029861 -0.000468 75.306114 -0.029856 0.999534 0.006367 1.986531 0.000658 -0.006350 0.999979 -0.064931
0.999354 0.035922 -0.000659 75.888809 -0.035918 0.999338 0.005670 1.971842 0.000862 -0.005643 0.999983 -0.065020
0.999125 0.041827 -0.000211 76.482529 -0.041825 0.999110 0.005381 1.953500 0.000435 -0.005367 0.999985 -0.065204
0.998863 0.047671 -0.000352 77.089600 -0.047669 0.998850 0.005070 1.931263 0.000593 -0.005047 0.999987 -0.065020
0.998557 0.053700 -0.000955 77.710953 -0.053696 0.998548 0.004326 1.905203 0.001185 -0.004269 0.999990 -0.064553
0.998236 0.059357 -0.001262 78.339912 -0.059353 0.998233 0.002745 1.874163 0.001422 -0.002666 0.999995 -0.063994
0.997901 0.064757 -0.000901 78.983521 -0.064755 0.997899 0.002196 1.839967 0.001041 -0.002133 0.999997 -0.063930
0.997510 0.070520 -0.000650 79.636803 -0.070519 0.997509 0.001394 1.802166 0.000746 -0.001345 0.999999 -0.063618
0.997098 0.076136 -0.000336 80.302132 -0.076135 0.997097 0.000776 1.760372 0.000394 -0.000748 0.999999 -0.063781
0.996686 0.081355 0.000361 80.978889 -0.081354 0.996685 -0.000395 1.714958 -0.000393 0.000364 0.999999 -0.065294
0.996281 0.086166 0.000437 81.665779 -0.086165 0.996278 -0.002308 1.664918 -0.000635 0.002262 0.999997 -0.067059
0.995973 0.089651 0.001090 82.363228 -0.089645 0.995963 -0.004688 1.611426 -0.001506 0.004570 0.999988 -0.070298
0.995785 0.091697 0.001843 83.070068 -0.091682 0.995764 -0.006938 1.554966 -0.002472 0.006740 0.999974 -0.074068
0.995676 0.092871 0.002258 83.786537 -0.092847 0.995640 -0.009012 1.497007 -0.003085 0.008764 0.999956 -0.078481
0.995645 0.093193 0.002391 84.513596 -0.093164 0.995600 -0.009961 1.438267 -0.003310 0.009695 0.999947 -0.084010
0.995683 0.092792 0.002482 85.251755 -0.092761 0.995631 -0.010622 1.379527 -0.003457 0.010346 0.999940 -0.091114
0.995759 0.091964 0.002555 86.000801 -0.091930 0.995702 -0.011183 1.320542 -0.003573 0.010901 0.999934 -0.098198
0.995886 0.090585 0.002413 86.761124 -0.090550 0.995820 -0.011955 1.260780 -0.003487 0.011688 0.999926 -0.103505
0.996028 0.089011 0.002192 87.532486 -0.088974 0.995946 -0.013235 1.201099 -0.003362 0.012987 0.999910 -0.107237
0.996208 0.086977 0.002227 88.315018 -0.086936 0.996111 -0.014307 1.142198 -0.003463 0.014060 0.999895 -0.110805
0.996464 0.083995 0.002031 89.108109 -0.083953 0.996350 -0.015398 1.084512 -0.003318 0.015173 0.999879 -0.114854
0.996771 0.080264 0.002290 89.910393 -0.080215 0.996643 -0.016361 1.028991 -0.003596 0.016125 0.999863 -0.118227
0.997135 0.075548 0.003722 90.712585 -0.075475 0.997004 -0.016937 0.968311 -0.004991 0.016608 0.999849 -0.115679
0.997463 0.071017 0.004994 91.513092 -0.070921 0.997331 -0.017335 0.906475 -0.006212 0.016936 0.999837 -0.109837
0.997783 0.066266 0.006161 92.313057 -0.066150 0.997658 -0.017410 0.846796 -0.007301 0.016963 0.999829 -0.104289
0.998092 0.061392 0.006478 93.119011 -0.061269 0.997964 -0.017721 0.798916 -0.007553 0.017290 0.999822 -0.103398
0.998406 0.056090 0.006289 93.925575 -0.055968 0.998271 -0.017980 0.759870 -0.007287 0.017599 0.999818 -0.104093
0.998708 0.050527 0.005462 94.731834 -0.050423 0.998568 -0.017854 0.728552 -0.006357 0.017555 0.999826 -0.104184
0.998983 0.044908 0.004098 95.536377 -0.044829 0.998838 -0.017629 0.702756 -0.004886 0.017428 0.999836 -0.102558
0.999235 0.039053 0.002284 96.338760 -0.039008 0.999090 -0.017231 0.679442 -0.002955 0.017129 0.999848 -0.098797
0.999448 0.033246 0.000477 97.139763 -0.033233 0.999299 -0.017163 0.658238 -0.001049 0.017138 0.999853 -0.092480
0.999619 0.027582 -0.001218 97.936852 -0.027598 0.999464 -0.017589 0.639786 0.000731 0.017616 0.999845 -0.084097
0.999757 0.021919 -0.002452 98.730362 -0.021959 0.999602 -0.017673 0.624693 0.002063 0.017723 0.999841 -0.074109
0.999859 0.016447 -0.003504 99.520554 -0.016505 0.999710 -0.017512 0.613627 0.003214 0.017567 0.999841 -0.062916
0.999931 0.010978 -0.004156 100.305573 -0.011048 0.999793 -0.017086 0.607440 0.003966 0.017130 0.999845 -0.052348
0.999974 0.005432 -0.004640 101.084892 -0.005510 0.999839 -0.017024 0.605386 0.004546 0.017049 0.999844 -0.042709
0.999989 0.000041 -0.004831 101.860718 -0.000122 0.999855 -0.016963 0.607318 0.004829 0.016963 0.999844 -0.033539
0.999974 -0.005241 -0.005146 102.631599 0.005159 0.999859 -0.015971 0.613508 0.005228 0.015944 0.999859 -0.024133
0.999933 -0.010165 -0.005457 103.401054 0.010082 0.999834 -0.015175 0.623886 0.005610 0.015119 0.999870 -0.015609
0.999876 -0.014734 -0.005511 104.166626 0.014655 0.999791 -0.014193 0.637462 0.005719 0.014110 0.999884 -0.006873
0.999807 -0.018802 -0.005573 104.928970 0.018724 0.999730 -0.013748 0.653736 0.005830 0.013641 0.999890 0.002433
0.999735 -0.022419 -0.005285 105.688263 0.022346 0.999659 -0.013492 0.672787 0.005586 0.013370 0.999895 0.011867
0.999658 -0.025714 -0.004832 106.445610 0.025647 0.999578 -0.013563 0.694019 0.005178 0.013435 0.999896 0.021202
0.999576 -0.028582 -0.005515 107.202194 0.028503 0.999497 -0.013877 0.717004 0.005909 0.013714 0.999888 0.029981
0.999496 -0.031016 -0.006808 107.958946 0.030921 0.999426 -0.013752 0.741663 0.007230 0.013534 0.999882 0.037836
0.999435 -0.032774 -0.007464 108.708237 0.032672 0.999376 -0.013387 0.771971 0.007897 0.013135 0.999882 0.044574
0.999370 -0.034624 -0.007756 109.476593 0.034519 0.999315 -0.013316 0.796375 0.008211 0.013040 0.999881 0.050696
0.999309 -0.036386 -0.007581 110.244240 0.036287 0.999258 -0.012876 0.824933 0.008043 0.012592 0.999888 0.057026
0.999251 -0.037941 -0.007530 111.013779 0.037848 0.999208 -0.012238 0.855856 0.007988 0.011944 0.999897 0.062676
0.999194 -0.039475 -0.007328 111.786392 0.039397 0.999167 -0.010575 0.887882 0.007739 0.010277 0.999917 0.065975
0.999135 -0.041019 -0.006919 112.563423 0.040958 0.999123 -0.008667 0.920995 0.007267 0.008376 0.999938 0.068743
0.999074 -0.042509 -0.006692 113.347542 0.042459 0.999071 -0.007355 0.955118 0.006999 0.007064 0.999950 0.072516
0.999011 -0.044014 -0.006334 114.138023 0.043976 0.999014 -0.006107 0.990774 0.006596 0.005823 0.999961 0.076581
0.998953 -0.045361 -0.005955 114.933411 0.045331 0.998959 -0.005054 1.028170 0.006178 0.004778 0.999970 0.078765
0.998886 -0.046783 -0.006218 115.735725 0.046759 0.998898 -0.004033 1.067497 0.006399 0.003738 0.999973 0.082281
0.998810 -0.048286 -0.006872 116.546082 0.048265 0.998829 -0.003230 1.109114 0.007020 0.002894 0.999971 0.087305
0.998767 -0.049114 -0.007290 117.369644 0.049093 0.998789 -0.003081 1.160134 0.007432 0.002719 0.999968 0.087667
0.998662 -0.051210 -0.007220 118.196381 0.051189 0.998684 -0.003025 1.207711 0.007365 0.002651 0.999969 0.090273
0.998538 -0.053612 -0.006855 119.018623 0.053594 0.998559 -0.002694 1.240631 0.006990 0.002323 0.999973 0.101946
0.998427 -0.055663 -0.006722 119.856705 0.055652 0.998448 -0.002007 1.299027 0.006823 0.001630 0.999975 0.105017
0.999826 -0.018198 -0.004017 120.582626 0.018210 0.999828 0.003201 1.883812 0.003958 -0.003274 0.999987 0.139775
0.999775 -0.020855 -0.004043 121.298668 0.020868 0.999778 0.002905 2.535044 0.003981 -0.002990 0.999987 0.178532
0.999048 -0.041712 -0.012759 122.119850 0.041769 0.999118 0.004183 2.667562 0.012573 -0.004712 0.999910 0.217796
0.997683 -0.063996 -0.023095 123.322044 0.063987 0.997949 -0.001147 1.520174 0.023121 -0.000333 0.999732 0.214649
0.997800 -0.065882 -0.007368 124.170746 0.065852 0.997819 -0.004319 1.558551 0.007636 0.003824 0.999963 0.156412
0.997655 -0.068090 -0.006949 125.054413 0.068069 0.997675 -0.003163 1.618580 0.007148 0.002682 0.999970 0.158407
0.997510 -0.070202 -0.006737 125.944267 0.070189 0.997531 -0.002220 1.681702 0.006876 0.001743 0.999975 0.163371
0.997374 -0.072140 -0.006543 126.842415 0.072127 0.997392 -0.002141 1.747142 0.006681 0.001664 0.999976 0.169326
0.997225 -0.074182 -0.006428 127.745399 0.074174 0.997243 -0.001550 1.815827 0.006525 0.001069 0.999978 0.176766
0.997085 -0.076075 -0.005857 128.656982 0.076066 0.997101 -0.001753 1.884923 0.005973 0.001302 0.999981 0.181297
0.996970 -0.077572 -0.005893 129.569305 0.077566 0.996986 -0.001268 1.972779 0.005973 0.000808 0.999981 0.187000
0.996762 -0.080183 -0.006137 130.494980 0.080174 0.996779 -0.001781 2.033299 0.006260 0.001283 0.999979 0.196314
0.996592 -0.082224 -0.006578 131.422546 0.082210 0.996612 -0.002420 2.110327 0.006754 0.001871 0.999975 0.203655
0.996414 -0.084335 -0.006980 132.352768 0.084313 0.996433 -0.003365 2.189287 0.007237 0.002764 0.999970 0.211359
0.996139 -0.087502 -0.007196 133.287659 0.087492 0.996164 -0.001826 2.255291 0.007327 0.001190 0.999972 0.202946
0.996048 -0.088518 -0.007296 134.227936 0.088496 0.996070 -0.003391 2.345609 0.007567 0.002732 0.999967 0.209690
0.995893 -0.090200 -0.007834 135.150818 0.090181 0.995921 -0.002654 2.442718 0.008041 0.001937 0.999965 0.207781
0.995297 -0.096726 -0.005252 136.042404 0.096716 0.995310 -0.002021 2.490622 0.005422 0.001504 0.999984 0.235783
0.995174 -0.098031 -0.004474 136.928787 0.098024 0.995182 -0.001758 2.528071 0.004624 0.001312 0.999988 0.274697
0.995074 -0.099049 -0.004038 137.813522 0.099044 0.995081 -0.001412 2.564976 0.004157 0.001005 0.999990 0.312636
0.995250 -0.097148 -0.006248 138.728256 0.097137 0.995269 -0.002090 2.746684 0.006421 0.001473 0.999978 0.318041
0.995297 -0.096681 -0.006087 139.630081 0.096658 0.995309 -0.003913 2.882589 0.006436 0.003306 0.999973 0.332941
0.995292 -0.096680 -0.006836 140.547958 0.096642 0.995302 -0.005675 3.009441 0.007352 0.004988 0.999960 0.344318
0.995271 -0.096849 -0.007482 141.444611 0.096806 0.995285 -0.005912 3.132043 0.008019 0.005160 0.999955 0.362113
0.995254 -0.096989 -0.007980 142.344727 0.096940 0.995270 -0.006245 3.251250 0.008547 0.005441 0.999948 0.380181
0.995219 -0.097258 -0.008987 143.286011 0.097186 0.995233 -0.008101 3.343497 0.009732 0.007188 0.999927 0.391860
0.995193 -0.097476 -0.009444 144.237686 0.097391 0.995204 -0.009113 3.429802 0.010285 0.008150 0.999913 0.401865
0.994828 -0.101174 -0.009040 144.954117 0.101125 0.994857 -0.005668 3.474067 0.009566 0.004724 0.999943 0.428782
0.994830 -0.101139 -0.009217 145.633423 0.101080 0.994855 -0.006732 3.534983 0.009850 0.005765 0.999934 0.436300
0.994923 -0.100157 -0.009812 146.293915 0.100104 0.994959 -0.005799 3.608786 0.010342 0.004786 0.999935 0.444246
0.995013 -0.099318 -0.009262 146.997299 0.099255 0.995036 -0.007042 3.698346 0.009915 0.006088 0.999932 0.450784
0.995000 -0.099408 -0.009670 147.685303 0.099321 0.995013 -0.009201 3.760294 0.010535 0.008195 0.999911 0.457591
0.995008 -0.099344 -0.009529 148.349060 0.099255 0.995016 -0.009499 3.804430 0.010424 0.008506 0.999909 0.464832
0.994898 -0.100295 -0.010981 149.027130 0.100267 0.994955 -0.003184 3.872580 0.011244 0.002066 0.999935 0.487808
0.995418 -0.094728 -0.013099 149.814270 0.094763 0.995498 0.002012 4.074422 0.012848 -0.003243 0.999912 0.480797
0.996057 -0.087344 -0.015591 150.625839 0.087440 0.996153 0.005559 4.316701 0.015044 -0.006900 0.999863 0.463434
0.995905 -0.089226 -0.014548 151.517212 0.089323 0.995983 0.006182 4.409921 0.013937 -0.007457 0.999875 0.480780
0.995786 -0.090703 -0.013552 152.433228 0.090783 0.995856 0.005388 4.461118 0.013006 -0.006595 0.999893 0.509548
0.995357 -0.095532 -0.011739 153.327133 0.095423 0.995391 -0.009531 4.524916 0.012595 0.008366 0.999885 0.543783
0.995111 -0.097920 -0.012871 154.083023 0.097557 0.994881 -0.026341 4.622570 0.015383 0.024957 0.999570 0.562471
0.995019 -0.098895 -0.012563 154.876755 0.098419 0.994559 -0.034134 4.736899 0.015870 0.032728 0.999338 0.581918
0.994942 -0.099738 -0.011909 155.669815 0.099157 0.994179 -0.042152 4.834093 0.016043 0.040758 0.999040 0.607439
0.994915 -0.100112 -0.010967 156.474152 0.099545 0.994070 -0.043750 4.942881 0.015280 0.042435 0.998982 0.628345
0.994864 -0.100724 -0.009970 157.275681 0.100182 0.993950 -0.045002 5.048471 0.014442 0.043772 0.998937 0.649998
0.994813 -0.101270 -0.009623 158.183167 0.100733 0.993868 -0.045599 5.143720 0.014182 0.044393 0.998913 0.661037
0.994763 -0.101861 -0.008484 159.103943 0.101380 0.993821 -0.045183 5.236433 0.013033 0.044086 0.998942 0.670840
0.994706 -0.102442 -0.008188 159.992401 0.101980 0.993781 -0.044711 5.330155 0.012717 0.043638 0.998966 0.683164
0.995118 -0.098260 -0.009229 160.758591 0.097816 0.994396 -0.040112 5.507700 0.013118 0.039014 0.999152 0.704265
0.995257 -0.096599 -0.011455 161.494781 0.096150 0.994758 -0.034799 5.640402 0.014755 0.033531 0.999328 0.722069
0.995373 -0.095232 -0.012824 162.207047 0.094827 0.995068 -0.029093 5.758435 0.015531 0.027742 0.999494 0.746629
0.995124 -0.097568 -0.014460 162.873398 0.097096 0.994811 -0.030369 5.821288 0.017347 0.028816 0.999434 0.752153
0.994750 -0.101277 -0.014735 163.553772 0.100726 0.994322 -0.034293 5.874442 0.018123 0.032628 0.999303 0.757408
0.994770 -0.101094 -0.014618 164.389938 0.100348 0.993932 -0.045040 6.063850 0.019083 0.043338 0.998878 0.788028
0.994211 -0.106441 -0.014700 165.207993 0.105365 0.992564 -0.060941 6.120981 0.021078 0.059040 0.998033 0.843955
0.994128 -0.107298 -0.014032 165.930069 0.106222 0.992361 -0.062731 6.222091 0.020655 0.060873 0.997932 0.874391
0.994069 -0.107990 -0.012839 166.640427 0.107011 0.992360 -0.061395 6.324784 0.019371 0.059658 0.998031 0.900978
0.993769 -0.110893 -0.011219 167.308899 0.110028 0.992102 -0.060216 6.400173 0.017807 0.058607 0.998122 0.930803
0.993681 -0.111664 -0.011438 168.004959 0.110771 0.991973 -0.060973 6.502099 0.018154 0.059321 0.998074 0.935930
0.993663 -0.111891 -0.010744 168.799683 0.111052 0.991986 -0.060246 6.598055 0.017398 0.058670 0.998126 0.955527
0.993562 -0.112694 -0.011661 169.591217 0.111827 0.991988 -0.058762 6.685751 0.018189 0.057079 0.998203 0.967323
0.993606 -0.112271 -0.011919 170.356735 0.111420 0.992131 -0.057110 6.774585 0.018237 0.055417 0.998297 0.976826
0.993542 -0.112837 -0.011962 171.131973 0.112001 0.992120 -0.056153 6.865200 0.018203 0.054451 0.998350 0.991484
0.993483 -0.113380 -0.011649 171.905106 0.112560 0.992058 -0.056116 6.957793 0.017917 0.054439 0.998356 1.009569
0.993467 -0.113628 -0.010606 172.623077 0.112921 0.992204 -0.052724 7.048789 0.016514 0.051182 0.998553 1.021937
0.993420 -0.114131 -0.009521 173.326889 0.113553 0.992378 -0.047850 7.143470 0.014908 0.046454 0.998809 1.033645
0.993384 -0.114507 -0.008753 174.015976 0.114024 0.992523 -0.043529 7.240330 0.013671 0.042243 0.999014 1.043703
0.993320 -0.115067 -0.008680 174.725906 0.114604 0.992510 -0.042295 7.332675 0.013481 0.041018 0.999067 1.054426
0.993271 -0.115499 -0.008462 175.426468 0.115057 0.992493 -0.041442 7.425378 0.013185 0.040189 0.999105 1.065017
0.993242 -0.115819 -0.007582 176.117676 0.115428 0.992508 -0.040043 7.518543 0.012163 0.038897 0.999169 1.075880
0.993221 -0.116060 -0.006530 176.795883 0.115726 0.992534 -0.038494 7.610913 0.010948 0.037476 0.999237 1.086816
0.993209 -0.116204 -0.005714 177.460846 0.115908 0.992534 -0.037947 7.702213 0.010080 0.037027 0.999263 1.097627
0.993191 -0.116371 -0.005374 178.112442 0.116094 0.992543 -0.037124 7.792437 0.009653 0.036247 0.999296 1.107456
0.993185 -0.116427 -0.005315 178.750183 0.116158 0.992557 -0.036589 7.881421 0.009535 0.035722 0.999316 1.116542
0.993174 -0.116539 -0.005001 179.374512 0.116289 0.992575 -0.035628 7.969479 0.009115 0.034802 0.999352 1.125597
0.993155 -0.116705 -0.004904 179.986481 0.116469 0.992590 -0.034622 8.056442 0.008908 0.033813 0.999388 1.134337
0.993109 -0.117067 -0.005472 180.599503 0.116819 0.992580 -0.033711 8.144967 0.009377 0.032838 0.999416 1.143067
0.993089 -0.117210 -0.006026 181.209290 0.116950 0.992585 -0.033101 8.234083 0.009861 0.032167 0.999434 1.151660
0.992771 -0.119820 -0.007038 181.821945 0.119535 0.992304 -0.032298 8.303155 0.010853 0.031223 0.999453 1.158095
0.992676 -0.120600 -0.007132 182.422394 0.120321 0.992237 -0.031427 8.375218 0.010866 0.030338 0.999481 1.168525
0.992683 -0.120542 -0.007151 183.013687 0.120269 0.992263 -0.030810 8.449876 0.010809 0.029725 0.999499 1.181244
0.992727 -0.120180 -0.007015 183.598404 0.119926 0.992344 -0.029524 8.525131 0.010509 0.028469 0.999539 1.192989
0.992778 -0.119757 -0.006994 184.177902 0.119512 0.992419 -0.028641 8.601728 0.010370 0.027598 0.999565 1.204087
0.992804 -0.119569 -0.006565 184.752441 0.119343 0.992461 -0.027886 8.679273 0.009848 0.026902 0.999589 1.214663
0.992803 -0.119601 -0.006136 185.322037 0.119394 0.992475 -0.027148 8.756604 0.009337 0.026220 0.999612 1.224554
0.992791 -0.119691 -0.006407 185.888077 0.119483 0.992485 -0.026359 8.834129 0.009514 0.025404 0.999632 1.233615
0.992783 -0.119727 -0.006814 186.448502 0.119518 0.992505 -0.025467 8.912109 0.009812 0.024469 0.999652 1.242310
0.992766 -0.119865 -0.006991 187.005112 0.119663 0.992515 -0.024398 8.990042 0.009863 0.023385 0.999677 1.250546
0.992807 -0.119541 -0.006730 187.592545 0.119337 0.992535 -0.025156 9.075047 0.009686 0.024172 0.999660 1.262710
0.992770 -0.119873 -0.006209 188.185944 0.119687 0.992504 -0.024694 9.150998 0.009122 0.023773 0.999675 1.276292
0.992751 -0.120042 -0.006036 188.777924 0.119861 0.992485 -0.024622 9.227499 0.008945 0.023720 0.999678 1.290060
0.992705 -0.120427 -0.005821 189.367020 0.120255 0.992448 -0.024165 9.303733 0.008687 0.023288 0.999691 1.303694
0.992649 -0.120901 -0.005687 189.954163 0.120729 0.992384 -0.024448 9.379872 0.008599 0.023581 0.999685 1.317061
0.992554 -0.121677 -0.005662 190.529388 0.121511 0.992305 -0.023751 9.454308 0.008508 0.022886 0.999702 1.324669
0.992499 -0.122129 -0.005663 191.101852 0.121968 0.992263 -0.023209 9.528770 0.008453 0.022344 0.999714 1.332231
0.992441 -0.122600 -0.005595 191.673035 0.122437 0.992195 -0.023583 9.603099 0.008443 0.022720 0.999706 1.339980
0.992379 -0.123109 -0.005319 192.241730 0.122949 0.992124 -0.023941 9.677504 0.008224 0.023104 0.999699 1.347459
0.992311 -0.123652 -0.005387 192.808975 0.123491 0.992058 -0.023874 9.752102 0.008296 0.023025 0.999700 1.354700
0.992247 -0.124154 -0.005608 193.373856 0.123986 0.991991 -0.024116 9.826626 0.008556 0.023233 0.999693 1.362092
0.992191 -0.124599 -0.005580 193.937668 0.124430 0.991931 -0.024270 9.901550 0.008558 0.023386 0.999690 1.369635
0.992131 -0.125070 -0.005743 194.498917 0.124902 0.991883 -0.023819 9.976627 0.008675 0.022913 0.999699 1.376935
0.992066 -0.125566 -0.006244 195.058395 0.125387 0.991826 -0.023611 10.051590 0.009157 0.022640 0.999701 1.384203
0.992031 -0.125854 -0.005972 195.610825 0.125684 0.991795 -0.023324 10.127689 0.008858 0.022387 0.999709 1.391279
0.991975 -0.126311 -0.005461 196.162155 0.126160 0.991756 -0.022424 10.204324 0.008248 0.021555 0.999733 1.400282
0.991906 -0.126848 -0.005771 196.716400 0.126691 0.991691 -0.022314 10.281292 0.008552 0.021402 0.999734 1.411112
0.991848 -0.127286 -0.005888 197.266129 0.127130 0.991647 -0.021767 10.354774 0.008609 0.020841 0.999745 1.419520
0.991746 -0.128110 -0.005372 197.815781 0.127972 0.991555 -0.020991 10.426648 0.008015 0.020130 0.999765 1.430326
0.991654 -0.128826 -0.005090 198.363190 0.128697 0.991471 -0.020557 10.499758 0.007694 0.019730 0.999775 1.441453
0.991616 -0.129100 -0.005673 198.907227 0.128959 0.991439 -0.020439 10.573637 0.008263 0.019537 0.999775 1.445167
0.991632 -0.128963 -0.005882 199.455734 0.128824 0.991469 -0.019832 10.653499 0.008388 0.018908 0.999785 1.449895
0.991613 -0.129106 -0.005855 200.004684 0.128985 0.991486 -0.017836 10.731319 0.008106 0.016931 0.999823 1.457710
0.991579 -0.129352 -0.006323 200.553177 0.129229 0.991468 -0.017023 10.806554 0.008470 0.016062 0.999835 1.465858
0.991542 -0.129633 -0.006387 201.102280 0.129511 0.991437 -0.016676 10.882483 0.008493 0.015707 0.999841 1.474564
0.991501 -0.129944 -0.006356 201.652283 0.129828 0.991403 -0.016211 10.959299 0.008407 0.015248 0.999848 1.483052
0.991443 -0.130385 -0.006508 202.200974 0.130273 0.991358 -0.015378 11.036867 0.008457 0.014399 0.999861 1.490707
0.991381 -0.130830 -0.006817 202.752228 0.130717 0.991305 -0.015004 11.115136 0.008720 0.013984 0.999864 1.498087
0.991277 -0.131598 -0.007233 203.316162 0.131480 0.991206 -0.014984 11.189763 0.009141 0.013902 0.999861 1.499536
0.991078 -0.133068 -0.007513 203.875488 0.132948 0.991013 -0.014712 11.258930 0.009403 0.013582 0.999863 1.504123
0.990947 -0.134016 -0.007896 204.441208 0.133894 0.990891 -0.014409 11.334490 0.009755 0.013221 0.999865 1.508139
0.990860 -0.134643 -0.008130 205.014236 0.134519 0.990807 -0.014365 11.414295 0.009989 0.013140 0.999864 1.510729
0.990767 -0.135331 -0.008077 205.591248 0.135208 0.990715 -0.014180 11.495987 0.009921 0.012956 0.999866 1.514665
0.990662 -0.136103 -0.008081 206.172989 0.135985 0.990616 -0.013645 11.579386 0.009862 0.012419 0.999874 1.518518
0.990553 -0.136869 -0.008440 206.757675 0.136752 0.990516 -0.013307 11.663704 0.010181 0.012027 0.999876 1.522547
0.990434 -0.137708 -0.008801 207.348862 0.137583 0.990397 -0.013561 11.749205 0.010584 0.012220 0.999869 1.526929
0.990308 -0.138601 -0.009009 207.944733 0.138477 0.990279 -0.013098 11.836300 0.010736 0.011723 0.999873 1.531235
0.990196 -0.139384 -0.009109 208.547470 0.139275 0.990183 -0.011755 11.928555 0.010657 0.010371 0.999889 1.536491
0.990097 -0.140067 -0.009420 209.161270 0.139958 0.990092 -0.011360 12.020339 0.010917 0.009929 0.999891 1.541249
0.990015 -0.140662 -0.009263 209.782104 0.140561 0.990013 -0.010766 12.113811 0.010683 0.009356 0.999898 1.546618
0.989959 -0.141025 -0.009638 210.411758 0.140927 0.989968 -0.010128 12.208976 0.010969 0.008667 0.999902 1.551806
0.989918 -0.141276 -0.010186 211.049210 0.141179 0.989936 -0.009710 12.305758 0.011454 0.008174 0.999900 1.556933
0.989897 -0.141409 -0.010382 211.695801 0.141322 0.989925 -0.008693 12.404350 0.011506 0.007137 0.999908 1.562243
0.989919 -0.141263 -0.010246 212.365768 0.141182 0.989949 -0.008312 12.510714 0.011316 0.006782 0.999912 1.568740
0.989948 -0.141097 -0.009744 213.049072 0.141022 0.989973 -0.008129 12.620351 0.010793 0.006673 0.999919 1.576138
0.989981 -0.140909 -0.009078 213.740250 0.140844 0.990004 -0.007390 12.730492 0.010028 0.006037 0.999931 1.583545
0.990016 -0.140681 -0.008742 214.439285 0.140621 0.990038 -0.007091 12.840897 0.009652 0.005790 0.999936 1.590788
0.989868 -0.141685 -0.009350 215.170303 0.141653 0.989908 -0.003904 12.931147 0.009808 0.002540 0.999948 1.579174
0.989906 -0.141393 -0.009664 215.915741 0.141367 0.989951 -0.003488 13.015718 0.010060 0.002086 0.999947 1.561778
0.989777 -0.142212 -0.010809 216.678879 0.142202 0.989836 -0.001797 13.092259 0.010954 0.000241 0.999940 1.531325
0.989936 -0.141159 -0.010093 217.441818 0.141143 0.989987 -0.002254 13.183887 0.010309 0.000806 0.999946 1.513354
0.990193 -0.139318 -0.010407 218.138062 0.139298 0.990247 -0.002699 13.397737 0.010681 0.001223 0.999942 1.617176
0.990239 -0.138933 -0.011227 218.909836 0.138911 0.990300 -0.002792 13.515280 0.011505 0.001205 0.999933 1.626029
0.990263 -0.138748 -0.011388 219.691010 0.138731 0.990327 -0.002413 13.633142 0.011612 0.000810 0.999932 1.633530
0.990247 -0.139007 -0.009415 220.479065 0.138975 0.990287 -0.003989 13.750092 0.009877 0.002642 0.999948 1.637638
0.990231 -0.139183 -0.008517 221.266235 0.139152 0.990263 -0.004044 13.870915 0.008996 0.002820 0.999955 1.645435
0.990760 -0.135395 -0.008032 221.976440 0.135369 0.990789 -0.003616 14.113527 0.008447 0.002496 0.999961 1.648702
0.990481 -0.137435 -0.007692 222.669022 0.137416 0.990509 -0.002904 14.386971 0.008018 0.001820 0.999966 1.650277
0.990198 -0.139539 -0.005981 223.432327 0.139518 0.990212 -0.003697 14.563598 0.006437 0.002826 0.999975 1.655310
0.989958 -0.141349 -0.001945 224.443329 0.141330 0.989932 -0.007718 14.400109 0.003016 0.007366 0.999968 1.671664
0.989928 -0.141545 -0.002704 225.275986 0.141528 0.989918 -0.005500 14.520179 0.003454 0.005062 0.999980 1.692648
0.989805 -0.142414 -0.002293 226.100235 0.142399 0.989793 -0.005689 14.645724 0.003079 0.005305 0.999981 1.696941
0.989705 -0.143090 -0.003125 226.919128 0.143072 0.989697 -0.005464 14.768891 0.003874 0.004961 0.999980 1.701244
0.989577 -0.143951 -0.003957 227.740097 0.143927 0.989571 -0.005760 14.899174 0.004745 0.005129 0.999975 1.706166
0.989455 -0.144774 -0.004539 228.565048 0.144747 0.989451 -0.005894 15.030435 0.005343 0.005175 0.999972 1.711497
0.989532 -0.144122 -0.007394 229.405380 0.144090 0.989553 -0.004770 15.179324 0.008003 0.003655 0.999961 1.685622
0.989451 -0.144709 -0.006814 230.262711 0.144678 0.989467 -0.004929 15.308688 0.007455 0.003891 0.999964 1.688364
0.989299 -0.145766 -0.006205 231.129135 0.145734 0.989309 -0.005388 15.429415 0.006924 0.004425 0.999966 1.708212
0.989278 -0.145905 -0.006407 231.997894 0.145871 0.989288 -0.005532 15.569355 0.007144 0.004538 0.999964 1.714856
0.989042 -0.147478 -0.006756 232.865829 0.147442 0.989055 -0.005560 15.719684 0.007501 0.004503 0.999962 1.715233
0.988815 -0.148937 -0.007846 233.741074 0.148892 0.988835 -0.005990 15.871647 0.008650 0.004755 0.999951 1.713218
0.988603 -0.150322 -0.008203 234.625458 0.150274 0.988625 -0.006205 16.024307 0.009042 0.004902 0.999947 1.711719
0.989597 -0.143338 -0.012370 235.396561 0.143322 0.989673 -0.002227 16.326118 0.012561 0.000431 0.999921 1.676794
0.989468 -0.144235 -0.012235 236.289780 0.144225 0.989543 -0.001722 16.493021 0.012355 -0.000061 0.999924 1.686159
0.988041 -0.153975 -0.008245 237.312912 0.153936 0.988067 -0.005148 16.439041 0.008939 0.003817 0.999952 1.752379
0.987870 -0.154994 -0.009470 238.236389 0.154961 0.987911 -0.004220 16.593992 0.010009 0.002701 0.999946 1.765283
0.987638 -0.156549 -0.007971 239.164413 0.156513 0.987663 -0.004938 16.747383 0.008645 0.003630 0.999956 1.773645
0.987351 -0.158462 -0.005306 240.098190 0.158430 0.987351 -0.006133 16.900749 0.006210 0.005215 0.999967 1.778913
0.987079 -0.160173 -0.004462 241.039520 0.160147 0.987075 -0.005803 17.059923 0.005334 0.005013 0.999973 1.787835
0.986790 -0.161958 -0.003914 241.986160 0.161933 0.986783 -0.005964 17.221386 0.004827 0.005251 0.999974 1.795892
0.986500 -0.163727 -0.003289 242.934433 0.163705 0.986490 -0.006072 17.384729 0.004239 0.005452 0.999976 1.803210
0.986231 -0.165346 -0.002996 243.886612 0.165327 0.986220 -0.006005 17.551085 0.003947 0.005427 0.999977 1.811964
0.985962 -0.166942 -0.003070 244.841064 0.166923 0.985952 -0.005904 17.718863 0.004011 0.005308 0.999977 1.819237
0.985729 -0.168312 -0.003294 245.797150 0.168289 0.985717 -0.006448 17.888103 0.004332 0.005802 0.999974 1.826256
0.985495 -0.169671 -0.003448 246.757950 0.169646 0.985482 -0.006605 18.059055 0.004517 0.005923 0.999972 1.833124
0.985322 -0.170690 -0.002565 247.719345 0.170671 0.985307 -0.006378 18.231932 0.003616 0.005846 0.999976 1.841471
0.985165 -0.171606 -0.001678 248.685944 0.171591 0.985146 -0.006496 18.406216 0.002767 0.006112 0.999977 1.849610
0.985030 -0.172382 -0.001020 249.655731 0.172372 0.985009 -0.006689 18.581879 0.002157 0.006413 0.999977 1.856941
0.984913 -0.173050 -0.000942 250.630630 0.173040 0.984891 -0.006793 18.759254 0.002103 0.006527 0.999976 1.863020
0.984912 -0.173031 -0.002835 251.515182 0.173011 0.984900 -0.006169 18.961250 0.003859 0.005585 0.999976 1.881078
0.984705 -0.174194 -0.003465 252.477798 0.174165 0.984687 -0.007519 19.144516 0.004721 0.006800 0.999965 1.889187
0.984622 -0.174664 -0.003257 253.507950 0.174634 0.984600 -0.008154 19.314392 0.004630 0.007459 0.999961 1.889590
0.984614 -0.174717 -0.003016 254.499771 0.174690 0.984592 -0.007850 19.496887 0.004341 0.007202 0.999964 1.896559
0.984657 -0.174470 -0.003145 255.499207 0.174443 0.984638 -0.007520 19.678360 0.004409 0.006856 0.999966 1.903605
0.984679 -0.174317 -0.004701 256.504608 0.174276 0.984664 -0.007982 19.859640 0.006020 0.007040 0.999956 1.909262
0.984733 -0.173959 -0.006337 257.516113 0.173903 0.984724 -0.008596 20.042303 0.007734 0.007362 0.999943 1.915262
0.984707 -0.174164 -0.004222 258.543427 0.174122 0.984683 -0.008856 20.200825 0.005699 0.007986 0.999951 1.940092
0.984937 -0.172903 -0.001991 259.560516 0.172883 0.984909 -0.008055 20.374628 0.003354 0.007590 0.999965 1.964617
0.985277 -0.170967 -0.000860 260.598724 0.170955 0.985247 -0.007902 20.598820 0.002198 0.007639 0.999968 1.948371
0.985441 -0.170018 -0.000563 261.633057 0.170005 0.985399 -0.009303 20.782717 0.002136 0.009072 0.999957 1.952668
0.985618 -0.168984 -0.001486 262.672180 0.168959 0.985567 -0.010497 20.967003 0.003238 0.010095 0.999943 1.955356
0.985802 -0.167894 -0.002717 263.716736 0.167856 0.985751 -0.010851 21.152147 0.004500 0.010242 0.999937 1.959984
0.985961 -0.166931 -0.003977 264.767822 0.166878 0.985914 -0.011195 21.337477 0.005789 0.010374 0.999929 1.965314
0.986111 -0.166018 -0.004901 265.828308 0.165952 0.986063 -0.011734 21.523279 0.006780 0.010758 0.999918 1.971741
0.986233 -0.165268 -0.005561 266.900116 0.165195 0.986189 -0.011881 21.710329 0.007447 0.010799 0.999913 1.978974
0.986353 -0.164551 -0.005704 267.979919 0.164473 0.986308 -0.012042 21.898022 0.007607 0.010940 0.999911 1.986675
0.986467 -0.163872 -0.005374 269.072296 0.163801 0.986423 -0.011740 22.087370 0.007224 0.010701 0.999916 1.994524
0.986024 -0.166593 -0.001483 270.082794 0.166569 0.985973 -0.010491 22.277685 0.003209 0.010098 0.999943 2.036554
0.985862 -0.167560 -0.000509 271.134918 0.167548 0.985814 -0.009928 22.480852 0.002164 0.009702 0.999950 2.058865
0.987287 -0.158949 -0.000029 272.191406 0.158943 0.987247 -0.008849 22.864202 0.001434 0.008733 0.999961 2.080329
0.986895 -0.161360 -0.001235 273.303741 0.161334 0.986828 -0.011923 23.092779 0.003142 0.011567 0.999928 2.079497
0.986367 -0.164536 -0.002708 274.448639 0.164491 0.986301 -0.012336 23.250217 0.004700 0.011723 0.999920 2.076395
0.985703 -0.168456 -0.003523 275.808685 0.168390 0.985618 -0.014218 23.277811 0.005867 0.013422 0.999892 2.059773
0.985573 -0.169218 -0.003296 277.068970 0.169178 0.985534 -0.010015 23.499006 0.004942 0.009313 0.999944 2.062073
0.985558 -0.169276 -0.004588 278.194397 0.169231 0.985535 -0.008954 23.747118 0.006036 0.008048 0.999949 2.029055
0.985372 -0.170389 -0.003288 279.398956 0.170350 0.985335 -0.009743 23.959206 0.004898 0.009040 0.999947 2.033542
0.985277 -0.170939 -0.002901 280.663544 0.170903 0.985237 -0.009963 24.153925 0.004560 0.009321 0.999945 2.061698
0.985199 -0.171385 -0.003336 281.928131 0.171346 0.985163 -0.009658 24.365515 0.004941 0.008943 0.999948 2.082482
0.985052 -0.172242 -0.002511 283.177338 0.172210 0.985011 -0.009817 24.589733 0.004163 0.009238 0.999948 2.089925
0.984872 -0.173269 -0.001949 284.434326 0.173243 0.984830 -0.009804 24.816771 0.003617 0.009318 0.999950 2.097506
0.984677 -0.174376 -0.002310 285.703888 0.174345 0.984634 -0.009917 25.047813 0.004002 0.009363 0.999948 2.103868
0.984441 -0.175685 -0.003290 286.985291 0.175645 0.984402 -0.010078 25.282516 0.005009 0.009344 0.999944 2.109565
0.984198 -0.177020 -0.004237 288.277679 0.176969 0.984162 -0.010307 25.520893 0.005993 0.009395 0.999938 2.116063
0.983950 -0.178381 -0.004805 289.587738 0.178324 0.983917 -0.010341 25.766447 0.006572 0.009319 0.999935 2.125057
0.983672 -0.179912 -0.004657 290.905151 0.179855 0.983636 -0.010528 26.011799 0.006474 0.009518 0.999933 2.134297
0.983388 -0.181474 -0.003839 292.231415 0.181426 0.983348 -0.010527 26.260984 0.005685 0.009656 0.999937 2.144454
0.983115 -0.182971 -0.002539 293.570312 0.182935 0.983065 -0.010829 26.514746 0.004477 0.010182 0.999937 2.154714
0.982818 -0.184563 -0.002196 294.918518 0.184527 0.982762 -0.011249 26.772207 0.004234 0.010650 0.999934 2.163693
0.982789 -0.184689 -0.003953 296.261200 0.184635 0.982742 -0.011336 27.061537 0.005978 0.010412 0.999928 2.149511
0.982349 -0.187026 -0.003256 297.619690 0.186974 0.982288 -0.012295 27.347574 0.005498 0.011470 0.999918 2.141072
0.981940 -0.189179 -0.002461 298.995148 0.189136 0.981873 -0.012282 27.625706 0.004740 0.011594 0.999921 2.143085
0.981568 -0.191098 -0.002579 300.386200 0.191050 0.981497 -0.012780 27.899498 0.004974 0.012052 0.999915 2.151133
0.981212 -0.192909 -0.003149 301.793640 0.192857 0.981147 -0.012481 28.173775 0.005496 0.011640 0.999916 2.162921
0.980863 -0.194676 -0.003104 303.209564 0.194627 0.980804 -0.011968 28.451942 0.005374 0.011135 0.999924 2.176982
0.980483 -0.196589 -0.002439 304.624664 0.196545 0.980416 -0.012428 28.729572 0.004834 0.011706 0.999919 2.173456
0.980044 -0.198777 -0.000864 306.055756 0.198752 0.979970 -0.012432 29.017365 0.003318 0.012011 0.999922 2.181476
0.979644 -0.200744 0.000856 307.498169 0.200738 0.979558 -0.013036 29.304213 0.001778 0.012941 0.999914 2.199854
0.979303 -0.202397 0.001361 308.950653 0.202397 0.979221 -0.012687 29.606092 0.001234 0.012700 0.999918 2.214673
0.979036 -0.203688 0.000334 310.404449 0.203677 0.978960 -0.012406 29.908003 0.002199 0.012214 0.999922 2.220016
0.978804 -0.204796 -0.001278 311.874329 0.204766 0.978733 -0.012364 30.225416 0.003782 0.011841 0.999923 2.228554
0.978639 -0.205583 -0.001734 313.354462 0.205547 0.978573 -0.012040 30.545895 0.004171 0.011426 0.999925 2.237642
0.978520 -0.206149 -0.000979 314.839508 0.206124 0.978458 -0.011465 30.867107 0.003321 0.011016 0.999934 2.248386
0.978397 -0.206735 0.000023 316.329346 0.206724 0.978342 -0.010509 31.189350 0.002150 0.010288 0.999945 2.259530
0.978243 -0.207459 0.000729 317.822357 0.207456 0.978193 -0.009946 31.512411 0.001350 0.009882 0.999950 2.269574
0.978104 -0.208110 0.001311 319.321930 0.208112 0.978058 -0.009475 31.837381 0.000689 0.009540 0.999954 2.278499
0.977981 -0.208688 0.001627 320.826324 0.208693 0.977936 -0.009301 32.163921 0.000349 0.009435 0.999955 2.286498
0.977835 -0.209368 0.001674 322.336304 0.209374 0.977790 -0.009355 32.494938 0.000321 0.009498 0.999955 2.295148
0.977652 -0.210223 0.001957 323.843964 0.210233 0.977607 -0.009307 32.824398 0.000042 0.009510 0.999955 2.305024
0.977464 -0.211075 0.003509 325.351593 0.211099 0.977419 -0.009465 33.153633 -0.001432 0.009993 0.999949 2.315234
0.977263 -0.211977 0.004928 326.856140 0.212015 0.977220 -0.009432 33.484028 -0.002817 0.010262 0.999943 2.324432
0.977136 -0.212600 0.002521 328.341339 0.212614 0.977105 -0.007855 33.833206 -0.000794 0.008212 0.999966 2.280296
0.976841 -0.213850 0.006954 329.844604 0.213912 0.976804 -0.009711 34.153191 -0.004716 0.010973 0.999929 2.305566
0.976621 -0.214835 0.007608 331.348053 0.214905 0.976583 -0.010079 34.476341 -0.005265 0.011477 0.999920 2.340609
0.976423 -0.215759 0.006773 332.842804 0.215821 0.976380 -0.010121 34.811382 -0.004430 0.011344 0.999925 2.351833
0.976212 -0.216735 0.005979 334.333221 0.216788 0.976161 -0.010607 35.145924 -0.003538 0.011651 0.999926 2.357986
0.976009 -0.217665 0.005288 335.819427 0.217713 0.975949 -0.011119 35.480946 -0.002740 0.012004 0.999924 2.364142
0.975782 -0.218687 0.005003 337.306061 0.218730 0.975723 -0.011017 35.817173 -0.002474 0.011845 0.999927 2.371377
0.975555 -0.219697 0.005054 338.790741 0.219740 0.975496 -0.010922 36.154579 -0.002531 0.011766 0.999928 2.379560
0.975321 -0.220730 0.005342 340.272614 0.220776 0.975265 -0.010725 36.492237 -0.002842 0.011640 0.999928 2.387861
0.975099 -0.221709 0.005247 341.752289 0.221754 0.975046 -0.010468 36.831074 -0.002796 0.011371 0.999931 2.395907
0.974863 -0.222751 0.004818 343.228851 0.222791 0.974812 -0.010266 37.170959 -0.002410 0.011082 0.999935 2.403876
0.974635 -0.223752 0.004716 344.702484 0.223789 0.974586 -0.010006 37.511814 -0.002357 0.010807 0.999938 2.412396
0.974408 -0.224728 0.005026 346.173370 0.224769 0.974361 -0.009964 37.853493 -0.002658 0.010838 0.999937 2.421489
0.974171 -0.225744 0.005497 347.638214 0.225789 0.974123 -0.010165 38.197460 -0.003060 0.011143 0.999933 2.431751
0.973915 -0.226831 0.006156 349.103760 0.226886 0.973862 -0.010705 38.540268 -0.003568 0.011822 0.999924 2.440381
0.973658 -0.227920 0.006551 350.566010 0.227983 0.973597 -0.011454 38.883018 -0.003767 0.012645 0.999913 2.447813
0.973406 -0.229004 0.006267 352.025574 0.229065 0.973338 -0.011900 39.227383 -0.003376 0.013019 0.999910 2.454679
0.973181 -0.229971 0.005672 353.482147 0.230026 0.973108 -0.012194 39.573444 -0.002717 0.013172 0.999909 2.461613
0.972967 -0.230873 0.005696 354.932831 0.230927 0.972899 -0.011830 39.921917 -0.002812 0.012826 0.999913 2.468824
0.972788 -0.231602 0.006610 356.383514 0.231666 0.972729 -0.011331 40.271809 -0.003806 0.012554 0.999914 2.478748
0.972618 -0.232286 0.007560 357.831635 0.232359 0.972570 -0.010792 40.620625 -0.004846 0.012253 0.999913 2.486357
0.972490 -0.232835 0.007281 359.277008 0.232906 0.972433 -0.011263 40.969467 -0.004458 0.012649 0.999910 2.491472
0.972351 -0.233432 0.006618 360.719757 0.233494 0.972292 -0.011308 41.317944 -0.003796 0.012541 0.999914 2.495964
0.972224 -0.233996 0.005303 362.158508 0.234042 0.972164 -0.011035 41.667225 -0.002573 0.011970 0.999925 2.500983
0.972092 -0.234556 0.004513 363.593628 0.234593 0.972032 -0.010935 42.016266 -0.001823 0.011689 0.999929 2.507633
0.971958 -0.235119 0.004096 365.021606 0.235150 0.971903 -0.010414 42.364555 -0.001533 0.011085 0.999937 2.515832
0.972681 -0.232072 0.005828 366.344177 0.232116 0.972650 -0.008562 42.773861 -0.003682 0.009680 0.999946 2.547508
0.972524 -0.232715 0.006420 367.647125 0.232764 0.972497 -0.008359 43.190617 -0.004299 0.009623 0.999944 2.582661
0.973742 -0.227484 0.008842 368.937378 0.227541 0.973749 -0.006021 43.633469 -0.007240 0.007874 0.999942 2.609069
0.972293 -0.233563 0.009770 370.223389 0.233632 0.972301 -0.006711 44.077515 -0.007932 0.008807 0.999929 2.631020
0.971372 -0.237373 0.009618 371.638794 0.237460 0.971354 -0.009195 44.347744 -0.007161 0.011216 0.999911 2.625826
0.971021 -0.238883 0.007368 373.010406 0.238955 0.970964 -0.011373 44.588020 -0.004438 0.012804 0.999908 2.640264
0.970807 -0.239817 0.004693 374.355530 0.239857 0.970726 -0.012602 44.883110 -0.001534 0.013360 0.999909 2.615349
0.970566 -0.240814 0.003231 375.697571 0.240836 0.970471 -0.013475 45.193474 0.000109 0.013857 0.999903 2.624211
0.970351 -0.241672 0.003745 377.062805 0.241702 0.970254 -0.013642 45.554680 -0.000337 0.014144 0.999899 2.637641
0.969665 -0.244373 0.005607 378.401062 0.244433 0.969531 -0.016179 45.816841 -0.001483 0.017059 0.999853 2.726388
0.969511 -0.245019 0.003829 379.756805 0.245045 0.969296 -0.020396 46.125477 0.001284 0.020713 0.999784 2.759663
0.969262 -0.245973 0.005409 381.136871 0.246033 0.969031 -0.021116 46.504707 -0.000047 0.021798 0.999762 2.720738
0.969106 -0.246519 0.007903 382.506592 0.246629 0.968910 -0.019687 46.883606 -0.002804 0.021028 0.999775 2.682499
0.968941 -0.247106 0.009661 383.845917 0.247245 0.968789 -0.017807 47.229427 -0.004960 0.019642 0.999795 2.681897
0.968762 -0.247762 0.010685 385.165833 0.247915 0.968636 -0.016752 47.570877 -0.006201 0.018877 0.999802 2.686269
0.968533 -0.248618 0.011584 386.472382 0.248785 0.968416 -0.016569 47.909855 -0.007099 0.018928 0.999796 2.690828
0.968261 -0.249679 0.011408 387.767944 0.249852 0.968121 -0.017734 48.245586 -0.006618 0.020021 0.999778 2.693904
0.967991 -0.250752 0.010765 389.052032 0.250918 0.967825 -0.018771 48.580109 -0.005712 0.020871 0.999766 2.696715
0.967730 -0.251735 0.011361 390.327820 0.251916 0.967560 -0.019126 48.913887 -0.006179 0.021372 0.999753 2.701468
0.967480 -0.252642 0.012365 391.591461 0.252843 0.967322 -0.018914 49.246056 -0.007183 0.021426 0.999745 2.707111
0.967243 -0.253535 0.012755 392.845612 0.253741 0.967094 -0.018556 49.577332 -0.007631 0.021184 0.999746 2.712267
0.967003 -0.254463 0.012389 394.090820 0.254662 0.966849 -0.018698 49.907627 -0.007220 0.021235 0.999748 2.716081
0.966770 -0.255390 0.011442 395.329071 0.255567 0.966613 -0.018513 50.237564 -0.006334 0.020823 0.999763 2.719229
0.966520 -0.256375 0.010576 396.563324 0.256537 0.966352 -0.018786 50.567486 -0.005405 0.020870 0.999768 2.722227
0.966239 -0.257446 0.010186 397.795227 0.257601 0.966063 -0.019081 50.897926 -0.004929 0.021061 0.999766 2.725496
0.965971 -0.258446 0.010234 399.021759 0.258601 0.965796 -0.019049 51.228542 -0.004962 0.021047 0.999765 2.729048
0.965685 -0.259496 0.010712 400.243805 0.259661 0.965515 -0.018881 51.559307 -0.005444 0.021014 0.999764 2.733008
0.965380 -0.260613 0.011072 401.459595 0.260782 0.965220 -0.018480 51.889790 -0.005872 0.020727 0.999767 2.737129
0.965102 -0.261624 0.011439 402.666504 0.261799 0.964952 -0.018103 52.219398 -0.006303 0.020466 0.999770 2.741125
0.964839 -0.262589 0.011549 403.864105 0.262761 0.964702 -0.017439 52.548054 -0.006562 0.019860 0.999781 2.745023
0.964614 -0.263408 0.011702 405.048859 0.263578 0.964490 -0.016816 52.874569 -0.006858 0.019305 0.999790 2.748843
0.964434 -0.264045 0.012090 406.221893 0.264217 0.964330 -0.016023 53.199028 -0.007429 0.018648 0.999798 2.752745
0.964299 -0.264544 0.011981 407.383820 0.264710 0.964206 -0.015363 53.521187 -0.007489 0.017986 0.999810 2.756435
0.964222 -0.264848 0.011561 408.531586 0.265005 0.964126 -0.015251 53.839916 -0.007108 0.017768 0.999817 2.759773
0.964154 -0.265125 0.010735 409.669617 0.265266 0.964054 -0.015220 54.156338 -0.006314 0.017522 0.999826 2.762792
0.964084 -0.265421 0.009656 410.800018 0.265546 0.963973 -0.015477 54.470856 -0.005202 0.017486 0.999833 2.765803
0.964007 -0.265715 0.009187 411.928986 0.265833 0.963891 -0.015687 54.785397 -0.004688 0.017566 0.999834 2.769208
0.963899 -0.266096 0.009665 413.051117 0.266219 0.963791 -0.015276 55.098515 -0.005252 0.017298 0.999836 2.772948
0.963802 -0.266423 0.010267 414.151733 0.266556 0.963702 -0.014990 55.409462 -0.005901 0.017184 0.999835 2.775603
0.963620 -0.267072 0.010465 415.248016 0.267210 0.963514 -0.015449 55.719135 -0.005957 0.017683 0.999825 2.777398
0.963371 -0.267979 0.010207 416.341156 0.268116 0.963253 -0.015985 56.028210 -0.005550 0.018137 0.999820 2.778524
0.963093 -0.268989 0.009870 417.431610 0.269121 0.962969 -0.016222 56.337646 -0.005142 0.018279 0.999819 2.779663
0.962752 -0.270227 0.009359 418.519714 0.270349 0.962624 -0.016289 56.647537 -0.004609 0.018213 0.999824 2.780973
0.962458 -0.271278 0.009095 419.605743 0.271396 0.962331 -0.016185 56.958584 -0.004362 0.018047 0.999827 2.783071
0.962140 -0.272416 0.008706 420.684937 0.272526 0.962018 -0.015854 57.269218 -0.004057 0.017627 0.999836 2.785882
0.961804 -0.273611 0.008434 421.760223 0.273713 0.961688 -0.015428 57.580372 -0.003891 0.017147 0.999845 2.789166
0.961470 -0.274773 0.008624 422.830627 0.274877 0.961359 -0.015202 57.891308 -0.004114 0.016987 0.999847 2.793144
0.961125 -0.275981 0.008625 423.895813 0.276086 0.961013 -0.015189 58.201920 -0.004098 0.016980 0.999848 2.797236
0.960795 -0.277130 0.008560 424.955536 0.277233 0.960679 -0.015367 58.512428 -0.003966 0.017137 0.999845 2.801151
0.960442 -0.278348 0.008635 426.008698 0.278454 0.960322 -0.015627 58.822296 -0.003943 0.017414 0.999840 2.804924
0.960107 -0.279485 0.009104 427.053101 0.279599 0.959989 -0.015682 59.131203 -0.004358 0.017602 0.999836 2.809122
0.959758 -0.280651 0.009974 428.089386 0.280780 0.959643 -0.015721 59.439060 -0.005161 0.017890 0.999827 2.813714
0.959738 -0.280748 0.009203 429.068237 0.280854 0.959652 -0.013702 59.775257 -0.004985 0.015735 0.999864 2.795856
0.959091 -0.282893 0.010783 430.089355 0.283036 0.958984 -0.015472 60.048759 -0.005964 0.017891 0.999822 2.811204
0.958795 -0.283895 0.010702 431.084747 0.284037 0.958688 -0.015516 60.344456 -0.005855 0.017916 0.999822 2.814086
0.958571 -0.284685 0.009740 432.085388 0.284809 0.958461 -0.015402 60.646164 -0.004952 0.017538 0.999834 2.826531
0.958321 -0.285560 0.008730 433.067902 0.285665 0.958206 -0.015322 60.945492 -0.003991 0.017177 0.999844 2.828542
0.958061 -0.286444 0.008313 434.047699 0.286544 0.957943 -0.015380 61.244793 -0.003559 0.017117 0.999847 2.831134
0.957780 -0.287378 0.008425 435.024689 0.287476 0.957671 -0.014907 61.544277 -0.003786 0.016699 0.999853 2.834048
0.957553 -0.288128 0.008682 435.999573 0.288230 0.957448 -0.014714 61.844250 -0.004074 0.016591 0.999854 2.836991
0.957332 -0.288864 0.008528 436.970459 0.288960 0.957240 -0.013855 62.143818 -0.004162 0.015729 0.999868 2.839216
0.957061 -0.289771 0.008253 437.949829 0.289860 0.956979 -0.013112 62.435818 -0.004098 0.014941 0.999880 2.844274
0.956953 -0.290140 0.007714 438.929504 0.290217 0.956882 -0.012233 62.724922 -0.003832 0.013944 0.999895 2.850347
0.956955 -0.290149 0.007139 439.893280 0.290215 0.956896 -0.011126 63.022823 -0.003604 0.012718 0.999912 2.852652
0.956977 -0.290074 0.007249 440.843109 0.290136 0.956933 -0.009980 63.321030 -0.004042 0.011654 0.999923 2.854473
0.957029 -0.289884 0.007895 441.762024 0.289950 0.956998 -0.009094 63.629211 -0.004921 0.010993 0.999927 2.851678
0.957033 -0.289852 0.008663 442.685944 0.289920 0.957017 -0.008077 63.918179 -0.005951 0.010241 0.999929 2.854927
0.957092 -0.289646 0.008993 443.602722 0.289711 0.957088 -0.006957 64.212418 -0.006592 0.009264 0.999935 2.852768
0.957034 -0.289838 0.008958 444.506195 0.289898 0.957036 -0.006344 64.484932 -0.006736 0.008668 0.999940 2.858695
0.957063 -0.289758 0.008423 445.398102 0.289811 0.957066 -0.005723 64.762428 -0.006403 0.007918 0.999948 2.859643
0.957066 -0.289787 0.006991 446.281830 0.289824 0.957066 -0.005116 65.037926 -0.005209 0.006923 0.999962 2.859746
0.957101 -0.289703 0.005535 447.163940 0.289731 0.957094 -0.005109 65.313126 -0.003817 0.006493 0.999972 2.859882
0.957081 -0.289784 0.004573 448.042786 0.289805 0.957072 -0.004825 65.586967 -0.002978 0.005944 0.999977 2.860864
0.957094 -0.289742 0.004633 448.919800 0.289763 0.957085 -0.004891 65.860359 -0.003017 0.006023 0.999977 2.863091
0.957017 -0.289990 0.005058 449.795746 0.290013 0.957011 -0.004481 66.132874 -0.003542 0.005756 0.999977 2.865571
0.956940 -0.290230 0.005561 450.670776 0.290256 0.956938 -0.004424 66.405594 -0.004038 0.005848 0.999974 2.867995
0.956792 -0.290724 0.005364 451.543152 0.290747 0.956789 -0.004401 66.677429 -0.003854 0.005770 0.999975 2.869692
0.956647 -0.291205 0.005145 452.414734 0.291229 0.956642 -0.004635 66.949554 -0.003572 0.005932 0.999976 2.871049
0.956448 -0.291855 0.005305 453.283905 0.291879 0.956445 -0.004370 67.221283 -0.003799 0.005728 0.999976 2.872175
0.956271 -0.292423 0.005964 454.151459 0.292450 0.956271 -0.004200 67.493118 -0.004476 0.005761 0.999973 2.873783
0.956086 -0.293027 0.005979 455.018188 0.293052 0.956088 -0.003898 67.765114 -0.004575 0.005479 0.999974 2.875384
0.955726 -0.294204 0.005670 455.895813 0.294228 0.955727 -0.004025 68.028778 -0.004235 0.005516 0.999975 2.871012
0.955361 -0.295383 0.005916 456.768219 0.295408 0.955363 -0.003847 68.292511 -0.004517 0.005423 0.999975 2.868447
0.955219 -0.295825 0.006633 457.633423 0.295852 0.955227 -0.003491 68.558266 -0.005304 0.005297 0.999971 2.868633
0.955122 -0.296129 0.007015 458.495789 0.296157 0.955133 -0.003348 68.826050 -0.005710 0.005275 0.999970 2.869591
0.955002 -0.296515 0.007116 459.355164 0.296543 0.955013 -0.003332 69.094398 -0.005809 0.005292 0.999969 2.870141
0.954952 -0.296674 0.007172 460.214203 0.296703 0.954964 -0.003248 69.364067 -0.005886 0.005230 0.999969 2.869396
0.953704 -0.300374 -0.014928 461.061340 0.300287 0.953816 -0.007819 69.554535 0.016586 0.002975 0.999858 2.603500
0.953807 -0.300097 -0.013954 461.906342 0.300006 0.953901 -0.008244 69.740005 0.015784 0.003677 0.999868 2.322415
0.954825 -0.297164 0.001865 462.753571 0.297170 0.954805 -0.006001 70.044632 0.000001 0.006284 0.999980 2.421673
0.955253 -0.295601 0.010604 463.628265 0.295668 0.955275 -0.005435 70.452904 -0.008523 0.008327 0.999928 2.862016
0.955350 -0.295308 0.010041 464.483917 0.295386 0.955350 -0.007283 70.722656 -0.007442 0.009923 0.999922 2.864144
0.955490 -0.294846 0.010275 465.336517 0.294939 0.955471 -0.009177 70.992882 -0.007113 0.011799 0.999905 2.859823
0.955744 -0.294030 0.009989 466.193329 0.294129 0.955707 -0.010550 71.262474 -0.006446 0.013022 0.999894 2.855623
0.956133 -0.292762 0.010049 467.045563 0.292876 0.956064 -0.012843 71.516609 -0.005848 0.015223 0.999867 2.863560
0.956612 -0.291192 0.010027 467.906769 0.291315 0.956518 -0.014426 71.780746 -0.005391 0.016721 0.999845 2.864286
0.957221 -0.289184 0.010054 468.774902 0.289317 0.957097 -0.016131 72.049850 -0.004959 0.018350 0.999819 2.861999
0.957797 -0.287308 0.008924 469.642914 0.287428 0.957623 -0.018510 72.317482 -0.003228 0.020294 0.999789 2.825207
0.958550 -0.284775 0.009259 470.513062 0.284912 0.958319 -0.021207 72.581299 -0.002834 0.022965 0.999732 2.781290
0.959353 -0.282058 0.009225 471.384949 0.282199 0.959082 -0.022932 72.859627 -0.002380 0.024603 0.999695 2.770049
0.960246 -0.278982 0.009885 472.263428 0.279146 0.959923 -0.024994 73.148407 -0.002516 0.026760 0.999638 2.775744
0.961164 -0.275767 0.010771 473.149353 0.275962 0.960785 -0.027118 73.441742 -0.002871 0.029038 0.999574 2.783237
0.961947 -0.273002 0.011361 474.040680 0.273224 0.961491 -0.029719 73.734528 -0.002811 0.031693 0.999493 2.792682
0.962738 -0.270201 0.011269 474.939941 0.270427 0.962204 -0.032114 74.023819 -0.002167 0.033965 0.999420 2.797575
0.963560 -0.267244 0.011519 475.848877 0.267487 0.962948 -0.034367 74.309944 -0.001909 0.036196 0.999343 2.800001
0.965049 -0.261796 0.011959 476.771332 0.262057 0.964433 -0.034567 74.631653 -0.002485 0.036493 0.999330 2.795215
0.965830 -0.258847 0.013115 477.706116 0.259157 0.965165 -0.035944 74.956985 -0.003354 0.038115 0.999268 2.785729
0.967302 -0.253387 0.011085 478.654236 0.253625 0.966606 -0.036693 75.273232 -0.001419 0.038305 0.999265 2.775142
0.967666 -0.252004 0.010838 479.623169 0.252236 0.966889 -0.038761 75.549728 -0.000712 0.040242 0.999189 2.765572
0.967992 -0.250709 0.011711 480.630493 0.250979 0.967123 -0.041002 75.717117 -0.001047 0.042630 0.999090 2.767469
0.968802 -0.247540 0.012151 481.649200 0.247836 0.967830 -0.043380 75.922569 -0.001023 0.045038 0.998985 2.770711
0.969734 -0.243869 0.011974 482.652283 0.244161 0.968714 -0.044482 76.198341 -0.000752 0.046059 0.998938 2.771799
0.970858 -0.239332 0.012521 483.672089 0.239657 0.969743 -0.046510 76.473068 -0.001011 0.048155 0.998839 2.768955
0.971814 -0.235295 0.014595 484.875946 0.235735 0.970523 -0.050115 76.818260 -0.002374 0.052143 0.998637 2.750839
0.972896 -0.230698 0.015883 486.102997 0.231222 0.971461 -0.052917 77.168137 -0.003222 0.055155 0.998472 2.731122
0.973979 -0.226000 0.016983 487.336487 0.226605 0.972371 -0.056074 77.517639 -0.003842 0.058463 0.998282 2.711160
0.975178 -0.220676 0.018177 488.587769 0.221373 0.973426 -0.058600 77.859146 -0.004762 0.061169 0.998116 2.689723
0.976325 -0.215397 0.019889 489.459259 0.216218 0.974484 -0.060237 77.953468 -0.006407 0.063112 0.997985 2.713160
0.977552 -0.209736 0.020089 490.516724 0.210597 0.975567 -0.062597 78.167816 -0.006469 0.065422 0.997837 2.714990
0.978885 -0.203433 0.019957 491.655487 0.204308 0.976807 -0.064083 78.417953 -0.006457 0.066807 0.997744 2.707863
0.980284 -0.196513 0.020620 492.803619 0.197454 0.978157 -0.064961 78.661377 -0.007405 0.067753 0.997675 2.700996
0.981744 -0.188992 0.021453 493.962128 0.190011 0.979583 -0.065666 78.897522 -0.008605 0.068544 0.997610 2.694542
0.983270 -0.180961 0.020788 495.132538 0.181961 0.981045 -0.066624 79.126480 -0.008338 0.069292 0.997561 2.686032
0.984804 -0.172637 0.018939 496.317200 0.173523 0.982623 -0.065892 79.348801 -0.007235 0.068176 0.997646 2.675395
0.986336 -0.163748 0.018104 497.518585 0.164590 0.984203 -0.065229 79.564072 -0.007138 0.067317 0.997706 2.665487
0.987860 -0.154333 0.017735 498.736664 0.155164 0.985797 -0.064242 79.771629 -0.007569 0.066214 0.997777 2.656903
0.989395 -0.144324 0.016387 499.971466 0.145090 0.987304 -0.064642 79.970169 -0.006850 0.066334 0.997774 2.647465
0.990862 -0.134075 0.014749 501.222412 0.134764 0.988658 -0.066276 80.157677 -0.005696 0.067658 0.997692 2.638206
0.992200 -0.123860 0.014108 502.489716 0.124544 0.989812 -0.069008 80.332863 -0.005417 0.070227 0.997516 2.630347
0.993416 -0.113627 0.014644 503.772858 0.114390 0.990850 -0.071623 80.496094 -0.006372 0.072827 0.997324 2.624223
0.994565 -0.103084 0.014670 505.069580 0.103903 0.991717 -0.075500 80.651154 -0.006767 0.076614 0.997037 2.617759
0.995629 -0.092299 0.014287 506.376740 0.093146 0.992478 -0.079434 80.796196 -0.006849 0.080417 0.996738 2.609590
0.996555 -0.081455 0.015578 507.696442 0.082462 0.993231 -0.081799 80.930679 -0.008810 0.082801 0.996527 2.601612
0.997284 -0.071976 0.015634 509.086090 0.073037 0.993814 -0.083658 81.008369 -0.009517 0.084573 0.996372 2.577422
0.998107 -0.060158 0.012777 510.483521 0.061030 0.994505 -0.085051 81.113487 -0.007591 0.085669 0.996294 2.560322
0.998780 -0.048218 0.010650 511.895813 0.048956 0.995119 -0.085671 81.237999 -0.006468 0.086088 0.996266 2.536976
0.999363 -0.033698 0.011749 513.303833 0.034597 0.995570 -0.087424 81.368790 -0.008752 0.087775 0.996102 2.545428
0.999694 -0.020577 0.013757 514.713440 0.021727 0.995752 -0.089472 81.471214 -0.011858 0.089743 0.995894 2.556241
0.999857 -0.007175 0.015296 516.127625 0.008541 0.995792 -0.091239 81.536682 -0.014577 0.091356 0.995712 2.556067
0.999852 0.006558 0.015893 517.548523 -0.005059 0.995695 -0.092542 81.566696 -0.016432 0.092448 0.995582 2.545272
0.999637 0.020747 0.017213 518.992737 -0.019041 0.995395 -0.093948 81.554970 -0.019083 0.093585 0.995428 2.515127
0.999225 0.034667 0.018625 520.449951 -0.032760 0.994994 -0.094408 81.540108 -0.021807 0.093724 0.995359 2.484490
0.998630 0.048782 0.018950 521.907654 -0.046775 0.994392 -0.094847 81.510559 -0.023470 0.093831 0.995311 2.453506
0.997824 0.063622 0.017327 523.393433 -0.061709 0.993598 -0.094628 81.470863 -0.023237 0.093351 0.995362 2.419074
0.996702 0.079450 0.016535 524.885864 -0.077569 0.992584 -0.093590 81.421600 -0.023850 0.091998 0.995474 2.404782
0.995360 0.094951 0.015551 526.383606 -0.093114 0.991314 -0.092879 81.349976 -0.024235 0.091000 0.995556 2.380388
0.993867 0.109526 0.015259 527.880493 -0.107640 0.989785 -0.093484 81.253273 -0.025342 0.091267 0.995504 2.346407
0.992037 0.125063 0.014858 529.376038 -0.123132 0.987914 -0.094146 81.133568 -0.026454 0.091566 0.995447 2.307404
0.989670 0.142801 0.012730 530.892090 -0.140867 0.985081 -0.098850 81.037148 -0.026657 0.096035 0.995021 2.219144
0.987208 0.159092 0.010456 532.422852 -0.157230 0.982331 -0.101513 80.889969 -0.026422 0.098571 0.994779 2.142046
0.984751 0.173708 0.009624 533.954651 -0.171839 0.979815 -0.102138 80.720924 -0.027172 0.098926 0.994724 2.070624
0.982416 0.186563 0.007301 535.434021 -0.184819 0.977289 -0.103675 80.449989 -0.026477 0.100502 0.994584 2.025427
0.979778 0.199995 0.006054 536.888245 -0.198304 0.974637 -0.103720 80.156502 -0.026644 0.100422 0.994588 1.997221
0.977028 0.213053 0.005060 538.316589 -0.211376 0.971822 -0.104316 79.827911 -0.027143 0.100849 0.994531 1.984187
0.973966 0.226648 0.004615 539.774048 -0.224945 0.968774 -0.104289 79.524384 -0.028108 0.100536 0.994536 1.951286
0.970688 0.240318 0.003729 541.266907 -0.238638 0.965517 -0.104065 79.218788 -0.028609 0.100125 0.994564 1.906664
0.967279 0.253691 0.003514 542.762939 -0.251983 0.962202 -0.103298 78.896439 -0.029588 0.099032 0.994644 1.864373
0.963416 0.267988 0.003466 544.248352 -0.266243 0.958462 -0.102297 78.559158 -0.030737 0.097631 0.994748 1.827533
0.959531 0.281571 0.004075 545.708618 -0.279711 0.954669 -0.101829 78.184395 -0.032563 0.096568 0.994793 1.792814
0.955532 0.294859 0.004184 547.130798 -0.292914 0.950678 -0.102033 77.784958 -0.034063 0.096270 0.994772 1.750327
0.951635 0.307195 0.004847 548.539978 -0.305124 0.946828 -0.102062 77.369728 -0.035943 0.095647 0.994766 1.703415
0.947229 0.320540 0.003426 549.999390 -0.318476 0.942240 -0.103712 76.949265 -0.036473 0.097147 0.994601 1.636394
0.942680 0.333684 0.003142 551.461548 -0.331575 0.937700 -0.103815 76.512199 -0.037588 0.096823 0.994591 1.582070
0.938643 0.344885 0.002244 552.907410 -0.342853 0.933779 -0.102503 76.016167 -0.037449 0.095444 0.994730 1.530949
0.933565 0.358408 -0.000661 554.352905 -0.356486 0.928366 -0.105137 75.531937 -0.037070 0.098387 0.994457 1.438908
0.928970 0.370155 0.000488 555.773010 -0.368190 0.924173 -0.101678 75.014931 -0.038088 0.094276 0.994817 1.387556
0.924239 0.381814 0.001326 557.178223 -0.379847 0.919820 -0.098219 74.468719 -0.038722 0.090275 0.995163 1.353421
0.917317 0.398121 -0.005448 558.727783 -0.396315 0.911670 -0.108584 73.984215 -0.038264 0.101765 0.994072 1.198318
0.912320 0.409447 -0.005212 560.163269 -0.407566 0.906754 -0.108109 73.404716 -0.039540 0.100754 0.994125 1.136872
0.906570 0.422026 -0.005079 561.578613 -0.420068 0.901068 -0.107786 72.824783 -0.040913 0.099849 0.994160 1.089767
0.901451 0.432855 -0.004881 562.994263 -0.430833 0.896029 -0.107305 72.240486 -0.042074 0.098833 0.994214 1.039996
0.897311 0.441393 -0.002236 564.341980 -0.439021 0.891941 -0.108170 71.591537 -0.045752 0.098043 0.994129 0.985754
0.892924 0.450206 -0.000744 565.702942 -0.447665 0.887710 -0.107547 70.946808 -0.047758 0.096365 0.994200 0.923120
0.888999 0.457907 0.001153 567.064087 -0.455216 0.884042 -0.106062 70.298149 -0.049586 0.093763 0.994359 0.858233
0.885547 0.464547 0.001537 568.415894 -0.461851 0.880756 -0.104704 69.638260 -0.049995 0.092010 0.994502 0.792868
0.882633 0.470057 0.002146 569.758057 -0.467391 0.878096 -0.102437 68.967445 -0.050037 0.089410 0.994737 0.727209
0.880038 0.474895 0.003058 571.091125 -0.472281 0.875836 -0.099306 68.287598 -0.049839 0.085948 0.995052 0.664627
0.876959 0.480561 0.001889 572.423401 -0.478184 0.872999 -0.095979 67.624298 -0.047773 0.083265 0.995382 0.592110
0.874961 0.484191 0.001692 573.741272 -0.481873 0.871105 -0.094728 66.926720 -0.047342 0.082068 0.995502 0.527349
0.873413 0.486975 0.002230 575.043884 -0.484692 0.869743 -0.092840 66.219810 -0.047151 0.080007 0.995678 0.465440
0.872541 0.488536 0.002332 576.341553 -0.486332 0.869038 -0.090839 65.519402 -0.046405 0.078126 0.995862 0.401752
0.871920 0.489646 0.002062 577.623169 -0.487595 0.868638 -0.087850 64.802620 -0.044807 0.075592 0.996131 0.342352
0.871376 0.490611 0.002587 578.901794 -0.488644 0.868331 -0.085010 64.084518 -0.043954 0.072811 0.996377 0.286364
0.870953 0.491339 0.005183 580.179932 -0.489347 0.868279 -0.081420 63.367107 -0.044505 0.068376 0.996666 0.235806
0.870480 0.492140 0.007928 581.466492 -0.490078 0.868105 -0.078841 62.662304 -0.045684 0.064743 0.996855 0.192319
0.870399 0.492238 0.010374 582.753906 -0.490182 0.868354 -0.075386 61.963135 -0.046117 0.060531 0.997100 0.150880
0.870519 0.491985 0.012147 584.038757 -0.489959 0.868725 -0.072504 61.262352 -0.046223 0.057164 0.997294 0.106208
0.871009 0.491084 0.013435 585.319641 -0.489110 0.869420 -0.069856 60.560539 -0.045986 0.054274 0.997466 0.058967
0.871762 0.489730 0.014010 586.597900 -0.487803 0.870284 -0.068206 59.858135 -0.045595 0.052625 0.997573 0.009985
0.872888 0.487697 0.014752 587.874634 -0.485865 0.871585 -0.065365 59.157871 -0.044737 0.049889 0.997752 -0.040117
0.874258 0.485218 0.015410 589.150940 -0.483463 0.873097 -0.062962 58.460373 -0.044005 0.047595 0.997897 -0.089720
0.876090 0.481862 0.016604 590.427979 -0.480159 0.875082 -0.060633 57.766254 -0.043747 0.045146 0.998022 -0.138667
0.878282 0.477800 0.018134 591.704895 -0.476120 0.877419 -0.058688 57.077251 -0.043952 0.042910 0.998111 -0.187140
0.880898 0.472894 0.019769 592.983154 -0.471196 0.880144 -0.057620 56.393669 -0.044649 0.041442 0.998143 -0.235793
0.883995 0.467020 0.021131 594.262939 -0.465326 0.883340 -0.056401 55.717293 -0.045006 0.040024 0.998184 -0.284966
0.887900 0.459605 0.019904 595.547180 -0.458040 0.887247 -0.054689 55.035282 -0.042797 0.039441 0.998305 -0.346980
0.891854 0.451853 0.020634 596.850037 -0.450349 0.891294 -0.052728 54.365543 -0.042217 0.037733 0.998396 -0.406547
0.895713 0.444075 0.022271 598.158508 -0.442584 0.895269 -0.051095 53.712151 -0.042630 0.035909 0.998446 -0.459936
0.899637 0.435896 0.025465 599.468994 -0.434339 0.899354 -0.050112 53.069817 -0.044745 0.034021 0.998418 -0.511113
0.903677 0.427379 0.026737 600.780090 -0.425819 0.903464 -0.049302 52.439392 -0.045226 0.033167 0.998426 -0.563648
0.907721 0.418716 0.026832 602.092957 -0.417253 0.907568 -0.047120 51.833065 -0.044082 0.031576 0.998528 -0.614192
0.911310 0.410844 0.026886 603.406921 -0.409498 0.911230 -0.044394 51.261131 -0.042739 0.029446 0.998651 -0.672922
0.915952 0.400306 0.028048 604.709473 -0.399101 0.916021 -0.040292 50.713963 -0.041822 0.025711 0.998794 -0.724344
0.920689 0.389198 0.029290 605.994751 -0.388171 0.920913 -0.035251 50.167717 -0.040693 0.021085 0.998949 -0.757874
0.925143 0.378382 0.030619 607.310791 -0.377457 0.925473 -0.032003 49.630817 -0.040447 0.018050 0.999018 -0.805271
0.929613 0.367200 0.031377 608.640381 -0.366338 0.929996 -0.030039 49.104378 -0.040211 0.016430 0.999055 -0.852715
0.934264 0.355149 0.031948 609.968872 -0.354326 0.934681 -0.028698 48.599258 -0.040054 0.015491 0.999077 -0.900010
0.939109 0.342101 0.032270 611.300293 -0.341294 0.939538 -0.028037 48.113876 -0.039911 0.015315 0.999085 -0.946810
0.943914 0.328649 0.031889 612.642578 -0.327882 0.944332 -0.027016 47.643280 -0.038993 0.015045 0.999125 -0.993374
0.948618 0.314776 0.032251 613.985779 -0.314073 0.949066 -0.025097 47.197746 -0.038509 0.013677 0.999165 -1.038984
0.953101 0.300785 0.033587 615.333191 -0.300134 0.953618 -0.023080 46.773216 -0.038972 0.011917 0.999169 -1.083112
0.957501 0.286424 0.033972 616.710510 -0.285837 0.958045 -0.021118 46.340397 -0.038596 0.010511 0.999199 -1.136921
0.961744 0.271749 0.034648 618.101013 -0.271227 0.962327 -0.019023 45.907627 -0.038513 0.008897 0.999218 -1.180190
0.965578 0.257720 0.035217 619.484802 -0.257280 0.966194 -0.016567 45.519207 -0.038296 0.006936 0.999242 -1.216284
0.969035 0.244372 0.035422 620.875854 -0.244028 0.969670 -0.013789 45.167717 -0.037717 0.004717 0.999277 -1.265593
0.972561 0.229925 0.035485 622.264404 -0.229686 0.973206 -0.010745 44.846031 -0.037006 0.002299 0.999312 -1.318017
0.976670 0.212492 0.031017 623.672668 -0.212336 0.977162 -0.008270 44.461525 -0.032067 0.001491 0.999484 -1.424634
0.979619 0.198393 0.031420 625.075134 -0.198294 0.980122 -0.006294 44.104465 -0.032044 -0.000066 0.999486 -1.519382
0.982177 0.185015 0.033136 626.458008 -0.184949 0.982734 -0.005093 43.874817 -0.033506 -0.001127 0.999437 -1.514685
0.984824 0.170364 0.033145 627.821167 -0.170333 0.985379 -0.003750 43.724495 -0.033301 -0.001953 0.999444 -1.478148
0.987504 0.154583 0.030672 629.184631 -0.154571 0.987977 -0.002753 43.522926 -0.030730 -0.002022 0.999526 -1.506913
0.990052 0.137801 0.028430 630.584778 -0.137768 0.990459 -0.003077 43.318981 -0.028583 -0.000871 0.999590 -1.541535
0.992347 0.120607 0.026491 632.011658 -0.120560 0.992700 -0.003361 43.140701 -0.026704 0.000142 0.999643 -1.597075
0.994324 0.103205 0.025855 633.432800 -0.103177 0.994660 -0.002444 42.983398 -0.025970 -0.000238 0.999663 -1.642165
0.996000 0.085623 0.025567 634.844543 -0.085611 0.996327 -0.001535 42.846828 -0.025605 -0.000660 0.999672 -1.673674
0.997394 0.067643 0.025073 636.237122 -0.067652 0.997708 -0.000514 42.732777 -0.025051 -0.001184 0.999686 -1.692499
0.998488 0.049200 0.024540 637.627625 -0.049228 0.998787 0.000554 42.648411 -0.024484 -0.001762 0.999698 -1.708369
0.999244 0.030334 0.024334 639.018127 -0.030382 0.999537 0.001638 42.594296 -0.024274 -0.002376 0.999702 -1.725023
0.999639 0.011178 0.024427 640.409119 -0.011243 0.999933 0.002505 42.569324 -0.024398 -0.002778 0.999698 -1.743857
0.999655 -0.007920 0.025076 641.789490 0.007842 0.999964 0.003236 42.574711 -0.025102 -0.003038 0.999680 -1.756684
0.999308 -0.027043 0.025573 643.157471 0.026955 0.999629 0.003815 42.602364 -0.025668 -0.003124 0.999666 -1.774743
0.998624 -0.045901 0.025369 644.507141 0.045805 0.998940 0.004376 42.653545 -0.025543 -0.003208 0.999668 -1.795119
0.997609 -0.064524 0.024781 645.838562 0.064431 0.997911 0.004529 42.729290 -0.025023 -0.002921 0.999683 -1.815275
0.996275 -0.082872 0.023830 647.148132 0.082774 0.996555 0.005074 42.828140 -0.024170 -0.003082 0.999703 -1.834410
0.994628 -0.100971 0.022765 648.435974 0.100860 0.994882 0.006013 42.950500 -0.023257 -0.003684 0.999722 -1.851819
0.992692 -0.118701 0.021733 649.703125 0.118573 0.992920 0.007125 43.090004 -0.022426 -0.004497 0.999738 -1.867105
0.990556 -0.135567 0.020513 650.947693 0.135393 0.990744 0.009646 43.264362 -0.021632 -0.006778 0.999742 -1.890035
0.988414 -0.150603 0.018867 652.161316 0.150401 0.988555 0.011703 43.455627 -0.020415 -0.008730 0.999754 -1.921999
0.985795 -0.166923 0.018598 653.348328 0.166677 0.985911 0.014026 43.659115 -0.020678 -0.010728 0.999729 -1.939816
0.983147 -0.181973 0.017574 654.507019 0.181699 0.983222 0.016090 43.858162 -0.020208 -0.012626 0.999716 -1.934319
0.981239 -0.192184 0.015332 655.615051 0.191895 0.981239 0.018577 44.142601 -0.018615 -0.015287 0.999709 -1.950459
0.978058 -0.207828 0.014506 656.779541 0.207515 0.978016 0.020536 44.328861 -0.018455 -0.017075 0.999683 -1.943758
0.975900 -0.217834 0.012945 657.896973 0.217539 0.975826 0.020977 44.577778 -0.017203 -0.017654 0.999696 -1.954322
0.974018 -0.226208 0.010907 658.981812 0.225956 0.973923 0.020424 44.833637 -0.015244 -0.017429 0.999731 -1.963069
0.972877 -0.231156 0.008797 660.049438 0.230924 0.972727 0.021806 45.118687 -0.013598 -0.019184 0.999723 -1.947726
0.971279 -0.237801 0.008209 661.098267 0.237630 0.971193 0.017774 45.397339 -0.012199 -0.015313 0.999808 -1.936583
0.969990 -0.242987 0.008869 662.102478 0.242855 0.969966 0.013662 45.653229 -0.011923 -0.011098 0.999867 -1.950180
0.968426 -0.249097 0.010015 663.099792 0.248995 0.968448 0.010442 45.878506 -0.012302 -0.007619 0.999895 -1.973085
0.967246 -0.253587 0.011344 664.066956 0.253500 0.967297 0.008551 46.134056 -0.013143 -0.005395 0.999899 -1.972784
0.966185 -0.257545 0.012584 665.000549 0.257469 0.966258 0.007384 46.389729 -0.014062 -0.003894 0.999894 -1.972078
0.965530 -0.259943 0.013457 665.889832 0.259877 0.965620 0.006515 46.639420 -0.014688 -0.002794 0.999888 -1.972101
0.964793 -0.262619 0.014343 666.753418 0.262565 0.964898 0.005568 46.884270 -0.015303 -0.001606 0.999881 -1.972765
0.964252 -0.264608 0.014202 667.598206 0.264560 0.964355 0.005203 47.126274 -0.015074 -0.001259 0.999885 -1.974501
0.963839 -0.266147 0.013443 668.426392 0.266114 0.963932 0.004246 47.364925 -0.014089 -0.000515 0.999900 -1.976958
0.963413 -0.267742 0.012199 669.244690 0.267724 0.963490 0.003108 47.597324 -0.012588 0.000272 0.999920 -1.981331
0.963134 -0.268808 0.010756 670.042542 0.268808 0.963192 0.001541 47.824368 -0.010775 0.001407 0.999941 -1.985786
0.962906 -0.269692 0.008868 670.827454 0.269699 0.962944 0.000420 48.052086 -0.008653 0.001988 0.999960 -1.989128
0.962719 -0.270418 0.006905 671.606262 0.270427 0.962740 -0.000422 48.278538 -0.006534 0.002274 0.999975 -1.991927
0.962560 -0.271004 0.006034 672.378967 0.271017 0.962573 -0.001337 48.503555 -0.005447 0.002923 0.999981 -1.993580
0.962375 -0.271655 0.006256 673.144958 0.271669 0.962389 -0.001448 48.726768 -0.005628 0.003093 0.999979 -1.994520
0.962265 -0.272022 0.007180 673.901306 0.272039 0.962285 -0.001473 48.947933 -0.006508 0.003371 0.999973 -1.994770
0.962237 -0.272098 0.007914 674.646851 0.272113 0.962265 -0.000876 49.166584 -0.007378 0.002996 0.999968 -1.994818
0.962320 -0.271794 0.008274 675.378540 0.271810 0.962350 -0.000850 49.381226 -0.007732 0.003067 0.999965 -1.994993
0.962426 -0.271413 0.008459 676.097229 0.271433 0.962457 -0.001201 49.591732 -0.007816 0.003451 0.999963 -1.995514
0.962479 -0.271220 0.008590 676.801025 0.271242 0.962509 -0.001497 49.797531 -0.007862 0.003771 0.999962 -1.996422
0.962474 -0.271230 0.008928 677.492371 0.271260 0.962503 -0.002354 49.999344 -0.007955 0.004688 0.999957 -1.997077
0.962374 -0.271561 0.009573 678.164612 0.271602 0.962404 -0.003146 50.195595 -0.008360 0.005627 0.999949 -1.997297
0.962264 -0.271931 0.010074 678.822388 0.271978 0.962296 -0.003637 50.387978 -0.008706 0.006239 0.999942 -1.997751
0.962203 -0.272129 0.010503 679.464294 0.272184 0.962235 -0.004222 50.576283 -0.008959 0.006921 0.999935 -1.998368
0.962115 -0.272428 0.010943 680.088989 0.272491 0.962145 -0.004814 50.759773 -0.009218 0.007614 0.999928 -1.999173
0.962002 -0.272811 0.011244 680.697510 0.272881 0.962032 -0.005297 50.938728 -0.009372 0.008164 0.999922 -2.000249
0.961902 -0.273147 0.011685 681.287292 0.273230 0.961929 -0.006205 51.112335 -0.009546 0.009161 0.999913 -2.001312
0.961800 -0.273485 0.012170 681.861572 0.273572 0.961830 -0.006278 51.282005 -0.009990 0.009368 0.999906 -2.002603
0.961688 -0.273852 0.012692 682.417053 0.273945 0.961725 -0.006159 51.446743 -0.010521 0.009400 0.999900 -2.004097
0.961604 -0.274128 0.013104 682.952759 0.274228 0.961641 -0.006566 51.605572 -0.010802 0.009908 0.999892 -2.005616
0.961590 -0.274146 0.013683 683.430359 0.274263 0.961626 -0.007476 51.745556 -0.011110 0.010942 0.999878 -2.007312
0.961601 -0.274077 0.014333 683.919983 0.274206 0.961637 -0.008005 51.891205 -0.011590 0.011629 0.999864 -2.008938
0.961631 -0.273952 0.014715 684.390503 0.274086 0.961672 -0.007952 52.031769 -0.011973 0.011680 0.999859 -2.010964
0.961742 -0.273560 0.014727 684.839661 0.273692 0.961786 -0.007766 52.166401 -0.012041 0.011500 0.999861 -2.013551
0.961925 -0.272926 0.014583 685.272888 0.273054 0.961968 -0.007664 52.296463 -0.011937 0.011354 0.999864 -2.016245
0.961988 -0.272678 0.015034 685.598755 0.272822 0.962027 -0.008465 52.379509 -0.012156 0.012245 0.999850 -2.015547
0.962137 -0.272128 0.015509 685.895325 0.272277 0.962181 -0.008517 52.447262 -0.012606 0.012418 0.999843 -2.012937
0.962292 -0.271567 0.015644 686.165161 0.271717 0.962341 -0.008392 52.509747 -0.012776 0.012326 0.999842 -2.011256
0.962483 -0.270897 0.015578 686.412170 0.271042 0.962534 -0.008019 52.583210 -0.012823 0.011941 0.999846 -2.015096
0.962597 -0.270487 0.015662 686.659546 0.270635 0.962646 -0.008246 52.648373 -0.012848 0.012176 0.999843 -2.016397
0.962704 -0.270126 0.015307 686.894226 0.270278 0.962741 -0.008926 52.711552 -0.012327 0.012730 0.999843 -2.018384
0.962781 -0.269853 0.015302 687.111511 0.270010 0.962812 -0.009326 52.771713 -0.012217 0.013110 0.999839 -2.021106
0.962858 -0.269577 0.015222 687.315247 0.269732 0.962891 -0.009188 52.829613 -0.012181 0.012953 0.999842 -2.024533
0.962931 -0.269343 0.014751 687.498474 0.269488 0.962964 -0.008786 52.882240 -0.011838 0.012436 0.999852 -2.028320
0.962986 -0.269158 0.014571 687.664795 0.269296 0.963020 -0.008494 52.930218 -0.011747 0.012105 0.999857 -2.032284
0.962921 -0.269379 0.014822 687.791809 0.269523 0.962954 -0.008734 52.961914 -0.011920 0.012405 0.999851 -2.032384
0.962975 -0.269189 0.014741 687.898132 0.269334 0.963005 -0.008907 52.989017 -0.011799 0.012548 0.999851 -2.032931
0.963010 -0.269077 0.014455 687.993347 0.269220 0.963036 -0.008977 53.014297 -0.011507 0.012536 0.999855 -2.034810
0.962997 -0.269160 0.013735 688.080261 0.269293 0.963016 -0.009000 53.037949 -0.010805 0.012366 0.999865 -2.037625
0.963032 -0.269096 0.012502 688.161621 0.269217 0.963034 -0.009242 53.060692 -0.009554 0.012267 0.999879 -2.040988
0.963099 -0.268917 0.011172 688.239136 0.269026 0.963082 -0.009822 53.082806 -0.008119 0.012465 0.999889 -2.044444
0.963124 -0.268855 0.010542 688.309326 0.268959 0.963098 -0.010111 53.105370 -0.007436 0.012574 0.999893 -2.047946
0.963149 -0.268769 0.010343 688.375793 0.268871 0.963123 -0.010085 53.128258 -0.007252 0.012494 0.999896 -2.051777
0.963146 -0.268785 0.010264 688.439148 0.268884 0.963122 -0.009810 53.149883 -0.007250 0.012208 0.999898 -2.055615
0.963121 -0.268871 0.010319 688.495789 0.268970 0.963098 -0.009792 53.166824 -0.007307 0.012206 0.999898 -2.056957
0.963173 -0.268676 0.010587 688.547119 0.268778 0.963152 -0.009792 53.183510 -0.007567 0.012278 0.999896 -2.058296
0.963201 -0.268569 0.010717 688.594910 0.268674 0.963181 -0.009810 53.199585 -0.007689 0.012328 0.999895 -2.060126
0.963153 -0.268732 0.010868 688.637329 0.268836 0.963137 -0.009678 53.210594 -0.007867 0.012244 0.999894 -2.059320
0.963121 -0.268842 0.011021 688.673096 0.268947 0.963107 -0.009549 53.218647 -0.008048 0.012161 0.999893 -2.059929
0.963122 -0.268848 0.010842 688.700195 0.268951 0.963106 -0.009522 53.227364 -0.007883 0.012087 0.999896 -2.062099
0.963098 -0.268944 0.010514 688.720947 0.269044 0.963078 -0.009687 53.233864 -0.007522 0.012158 0.999897 -2.065418
0.963133 -0.268833 0.010173 688.734924 0.268930 0.963109 -0.009818 53.239956 -0.007158 0.012192 0.999899 -2.068806
0.963174 -0.268690 0.010043 688.748413 0.268782 0.963156 -0.009276 53.248363 -0.007182 0.011633 0.999906 -2.065804
0.963271 -0.268363 0.009530 688.761597 0.268448 0.963250 -0.009179 53.259834 -0.006717 0.011400 0.999912 -2.068386
0.963269 -0.268374 0.009397 688.774048 0.268457 0.963248 -0.009105 53.265736 -0.006609 0.011294 0.999914 -2.071023
0.963223 -0.268543 0.009310 688.784790 0.268625 0.963202 -0.009040 53.268078 -0.006541 0.011209 0.999915 -2.071781
0.963210 -0.268585 0.009407 688.792664 0.268668 0.963190 -0.009011 53.270882 -0.006642 0.011207 0.999915 -2.071557
0.963169 -0.268725 0.009604 688.797668 0.268808 0.963153 -0.008802 53.271938 -0.006886 0.011060 0.999915 -2.070454
0.963127 -0.268875 0.009618 688.798218 0.268958 0.963113 -0.008689 53.271755 -0.006928 0.010955 0.999916 -2.068672
0.963152 -0.268800 0.009184 688.798523 0.268879 0.963134 -0.008763 53.274170 -0.006491 0.010910 0.999919 -2.068961
0.963128 -0.268893 0.009022 688.800781 0.268969 0.963109 -0.008634 53.275589 -0.006369 0.010743 0.999922 -2.067979
0.963000 -0.269341 0.009261 688.803711 0.269419 0.962985 -0.008503 53.271667 -0.006629 0.010683 0.999920 -2.066990
0.962978 -0.269421 0.009217 688.804749 0.269498 0.962964 -0.008385 53.270985 -0.006617 0.010559 0.999922 -2.065450
0.962954 -0.269513 0.009093 688.805664 0.269587 0.962939 -0.008342 53.270954 -0.006509 0.010485 0.999923 -2.063839
0.962932 -0.269583 0.009266 688.807800 0.269659 0.962921 -0.008150 53.271076 -0.006726 0.010347 0.999924 -2.063142
0.962915 -0.269647 0.009236 688.809265 0.269722 0.962904 -0.008087 53.271187 -0.006713 0.010278 0.999924 -2.062851
0.962899 -0.269710 0.009064 688.810303 0.269783 0.962887 -0.008055 53.270878 -0.006556 0.010202 0.999926 -2.063873
0.962876 -0.269792 0.009032 688.813049 0.269864 0.962865 -0.007993 53.271034 -0.006541 0.010134 0.999927 -2.065280
0.962857 -0.269861 0.009051 688.815613 0.269933 0.962846 -0.007940 53.270988 -0.006573 0.010089 0.999928 -2.065995
0.962828 -0.269966 0.008980 688.817627 0.270036 0.962817 -0.007916 53.270489 -0.006510 0.010047 0.999928 -2.066799
0.962791 -0.270104 0.008889 688.819214 0.270173 0.962778 -0.007887 53.269756 -0.006429 0.009996 0.999929 -2.067593
0.962772 -0.270168 0.008954 688.820740 0.270238 0.962761 -0.007799 53.269264 -0.006514 0.009929 0.999930 -2.067760
0.962739 -0.270281 0.008956 688.821899 0.270352 0.962729 -0.007791 53.268055 -0.006518 0.009922 0.999929 -2.067916
0.962714 -0.270375 0.008916 688.822693 0.270444 0.962704 -0.007726 53.266804 -0.006495 0.009849 0.999930 -2.067924
0.962689 -0.270461 0.008934 688.823792 0.270530 0.962681 -0.007707 53.265705 -0.006517 0.009837 0.999930 -2.068341
0.962671 -0.270529 0.008947 688.824341 0.270598 0.962662 -0.007657 53.264721 -0.006543 0.009792 0.999930 -2.068617
0.962635 -0.270655 0.008895 688.824890 0.270724 0.962626 -0.007658 53.262905 -0.006491 0.009780 0.999931 -2.069055
0.962577 -0.270864 0.008851 688.825745 0.270933 0.962567 -0.007668 53.260410 -0.006443 0.009780 0.999931 -2.069889
0.962580 -0.270853 0.008939 688.826172 0.270921 0.962571 -0.007615 53.260429 -0.006543 0.009752 0.999930 -2.069471
0.962553 -0.270950 0.008841 688.825806 0.271017 0.962544 -0.007605 53.259346 -0.006451 0.009716 0.999932 -2.070467
0.962543 -0.270986 0.008833 688.825500 0.271053 0.962534 -0.007593 53.258881 -0.006445 0.009704 0.999932 -2.070673
0.962530 -0.271031 0.008860 688.824890 0.271098 0.962521 -0.007627 53.258507 -0.006461 0.009744 0.999931 -2.071209
0.962505 -0.271115 0.009011 688.823853 0.271184 0.962497 -0.007580 53.257614 -0.006619 0.009740 0.999930 -2.070353
0.962459 -0.271276 0.008998 688.821899 0.271346 0.962451 -0.007637 53.255672 -0.006589 0.009792 0.999930 -2.070479
0.962372 -0.271588 0.009043 688.820190 0.271659 0.962362 -0.007709 53.251183 -0.006610 0.009876 0.999929 -2.071286
0.962398 -0.271486 0.009219 688.818481 0.271558 0.962390 -0.007744 53.252689 -0.006770 0.009956 0.999928 -2.071067
