-0.000000 -0.000000 0.000000 0.000000
1.057966 0.012806 0.965854 0.024752
2.092857 0.024480 1.997592 0.050432
3.130482 0.038289 3.002969 0.072367
4.104946 0.051666 3.971249 0.099360
5.048109 0.062575 4.900324 0.117409
5.961369 0.072496 5.812478 0.131960
6.847045 0.080616 6.704391 0.142575
7.702750 0.092136 7.576146 0.151605
8.530803 0.100780 8.415914 0.156372
9.332965 0.109359 9.229419 0.163920
10.111950 0.116915 10.019934 0.172601
10.902930 0.122824 10.812286 0.177534
11.740740 0.129004 11.643354 0.181394
12.679500 0.136699 12.543839 0.185450
13.688690 0.142909 13.533873 0.190676
14.815640 0.149173 14.644040 0.199332
16.066450 0.157348 15.898632 0.210978
17.443060 0.170764 17.287003 0.225679
18.946390 0.181026 18.808361 0.238923
20.571760 0.195266 20.434687 0.254697
22.315410 0.209876 22.164541 0.266179
24.122740 0.231934 23.977804 0.274038
25.919800 0.245334 25.791969 0.259804
27.700530 0.258613 27.596882 0.243848
29.516270 0.271824 29.391085 0.224324
31.247610 0.283550 31.163673 0.197337
32.948340 0.295625 32.903072 0.170431
34.621750 0.307160 34.612976 0.145012
36.273330 0.319497 36.279007 0.156361
37.909260 0.331000 37.925701 0.172610
39.527880 0.342387 39.578625 0.155493
41.126680 0.356278 41.194946 0.142625
42.705700 0.367690 42.781147 0.131990
44.310700 0.384726 44.346233 0.121824
45.839610 0.397730 45.882992 0.109163
47.342680 0.413830 47.397423 0.092226
48.819980 0.424089 48.897240 0.070228
50.273470 0.435418 50.352505 0.050390
51.701360 0.448882 51.786552 0.032590
53.099040 0.460505 53.190956 0.023248
54.462100 0.475057 54.561539 0.021232
55.782650 0.485758 55.889198 0.018347
57.063850 0.496843 57.175930 0.013400
58.347120 0.505674 58.422173 0.004201
59.553260 0.514879 59.629795 -0.000223
60.720920 0.524512 60.801346 -0.004223
61.856290 0.534944 61.941235 -0.004609
62.960600 0.540570 63.046696 -0.010478
64.052220 0.545614 64.126526 -0.016539
65.149320 0.551131 65.211494 -0.023588
66.256670 0.558857 66.305847 -0.028481
67.386620 0.563460 67.420380 -0.037552
68.559720 0.570695 68.585510 -0.047649
69.853990 0.579879 69.878212 -0.047966
71.209080 0.592986 71.165932 -0.048543
72.685710 0.591917 72.606255 -0.063713
74.292540 0.606033 74.184929 -0.061818
76.024120 0.617220 75.888809 -0.065020
77.870040 0.630187 77.710953 -0.064553
79.810450 0.642152 79.636803 -0.063618
81.834680 0.653617 81.665779 -0.067059
83.943740 0.664992 83.786537 -0.078481
86.146560 0.677015 86.000801 -0.098198
88.443240 0.695196 88.315018 -0.110805
90.897100 0.717143 90.712585 -0.115679
93.283440 0.739580 93.119011 -0.103398
95.648350 0.759182 95.536377 -0.102558
97.995180 0.776969 97.936852 -0.084097
100.312200 0.797343 100.305573 -0.052348
102.594400 0.814380 102.631599 -0.024133
104.845500 0.830499 104.928970 0.002433
107.075100 0.841565 107.202194 0.029981
109.325000 0.844726 109.476593 0.050696
111.616700 0.849966 111.786392 0.065975
114.036900 0.858541 114.138023 0.076581
116.441800 0.866038 116.546082 0.087305
118.912500 0.875037 119.018623 0.101946
121.449300 0.884202 121.298668 0.178532
124.054700 0.892276 124.170746 0.156412
126.727800 0.902724 126.842415 0.169326
129.461700 0.913842 129.569305 0.187000
132.241500 0.922314 132.352768 0.211359
135.062000 0.933986 135.150818 0.207781
137.995800 0.945211 137.813522 0.312636
140.841900 0.952416 140.547958 0.344318
143.688500 0.961164 143.286011 0.391860
146.527200 0.972898 145.633423 0.436300
149.358000 0.984760 147.685303 0.457591
152.180700 0.993957 149.814270 0.480797
154.985800 1.010273 152.433228 0.509548
157.762900 1.025253 154.876755 0.581918
160.511700 1.037778 157.275681 0.649998
163.206900 1.042625 159.992401 0.683164
165.839300 1.044576 162.207047 0.746629
168.511400 1.051592 164.389938 0.788028
171.032300 1.066289 166.640427 0.900978
173.451900 1.074697 168.799683 0.955527
175.820800 1.076063 171.131973 0.991484
178.157900 1.077090 173.326889 1.033645
180.442500 1.070969 175.426468 1.065017
182.630800 1.070145 177.460846 1.097627
184.690700 1.067111 179.374512 1.125597
186.658900 1.066793 181.209290 1.151660
188.640100 1.069921 183.013687 1.181244
190.518700 1.073160 184.752441 1.214663
192.358300 1.073699 186.448502 1.242310
194.164300 1.076884 188.185944 1.276292
195.939500 1.081108 189.954163 1.317061
197.684800 1.080171 191.673035 1.339980
199.406100 1.082103 193.373856 1.362092
201.105200 1.085539 195.058395 1.384203
202.781300 1.088004 196.716400 1.411112
204.435800 1.091998 198.363190 1.441453
206.138300 1.094992 200.004684 1.457710
207.798700 1.098230 201.652283 1.483052
209.479800 1.100413 203.316162 1.499536
211.200800 1.104396 205.014236 1.510729
212.976100 1.104940 206.757675 1.522547
214.822800 1.097900 208.547470 1.536491
216.755600 1.091981 210.411758 1.551806
218.783400 1.087850 212.365768 1.568740
220.915300 1.091031 214.439285 1.590788
223.147900 1.088712 216.678879 1.531325
225.476900 1.079302 218.909836 1.626029
227.967800 1.070757 221.266235 1.645435
230.416200 1.066337 223.432327 1.655310
232.875700 1.066435 226.100235 1.696941
235.366100 1.063236 228.565048 1.711497
237.916600 1.061035 231.129135 1.708212
240.548700 1.059886 233.741074 1.713218
243.270500 1.066208 236.289780 1.686159
246.079900 1.072872 239.164413 1.773645
248.943200 1.082858 241.986160 1.795892
251.833100 1.087338 244.841064 1.819237
254.844500 1.086260 247.719345 1.841471
257.791500 1.072308 250.630630 1.863020
260.769400 1.060953 253.507950 1.889590
263.789400 1.061738 256.504608 1.909262
266.870100 1.071962 259.560516 1.964617
270.008600 1.063061 262.672180 1.955356
273.220700 1.062674 265.828308 1.971741
276.543600 1.067271 269.072296 1.994524
279.975800 1.063515 272.191406 2.080329
283.512200 1.050434 275.808685 2.059773
287.158500 1.036709 279.398956 2.033542
291.034300 1.022134 283.177338 2.089925
294.897700 1.002327 286.985291 2.109565
298.867600 0.992954 290.905151 2.134297
302.941400 0.981167 294.918518 2.163693
307.113500 0.963945 298.995148 2.143085
311.379300 0.949391 303.209564 2.176982
315.729900 0.936570 307.498169 2.199854
320.163600 0.906608 311.874329 2.228554
324.663000 0.892821 316.329346 2.259530
329.208400 0.872431 320.826324 2.286498
333.774600 0.856571 325.351593 2.315234
338.317800 0.838374 329.844604 2.305566
342.984100 0.814335 334.333221 2.357986
347.485900 0.798695 338.790741 2.379560
351.964700 0.786956 343.228851 2.403876
356.420300 0.775536 347.638214 2.431751
360.852600 0.756437 352.025574 2.454679
365.264500 0.739628 356.383514 2.478748
369.652000 0.710849 360.719757 2.495964
373.997200 0.691427 365.021606 2.515832
378.252000 0.684523 368.937378 2.609069
382.421600 0.663584 373.010406 2.640264
386.561000 0.636727 377.062805 2.637641
390.658700 0.619424 381.136871 2.720738
394.818300 0.592413 385.165833 2.686269
398.755800 0.557845 389.052032 2.696715
402.579600 0.530502 392.845612 2.712267
406.338000 0.496603 396.563324 2.722227
410.061900 0.466817 400.243805 2.733008
413.697800 0.436892 403.864105 2.745023
417.208100 0.408884 407.383820 2.756435
420.614200 0.381295 410.800018 2.765803
423.987200 0.353440 414.151733 2.775603
427.338200 0.320416 417.431610 2.779663
430.663900 0.296333 420.684937 2.785882
434.058100 0.274199 423.895813 2.797236
437.289900 0.252560 427.053101 2.809122
440.417100 0.231746 430.089355 2.811204
443.458400 0.205965 433.067902 2.828542
446.472400 0.183065 435.999573 2.836991
449.453000 0.156574 438.929504 2.850347
452.370100 0.135815 441.762024 2.851678
455.184800 0.112590 444.506195 2.858695
457.919900 0.085396 447.163940 2.859882
460.637800 0.065556 449.795746 2.865571
463.421700 0.041666 452.414734 2.871049
466.101900 0.019009 455.018188 2.875384
468.767500 -0.006194 457.633423 2.868633
471.422100 -0.033852 460.214203 2.869396
474.064300 -0.058010 462.753571 2.421673
476.700300 -0.091595 465.336517 2.859823
479.368100 -0.127228 467.906769 2.864286
482.082700 -0.157272 470.513062 2.781290
484.857200 -0.189160 473.149353 2.783237
487.711800 -0.223056 475.848877 2.800001
490.740400 -0.265928 478.654236 2.775142
493.794400 -0.309770 481.649200 2.770711
496.978900 -0.349722 484.875946 2.750839
500.296500 -0.392852 488.587769 2.689723
503.740400 -0.453709 491.655487 2.707863
507.308500 -0.528380 495.132538 2.686032
511.012100 -0.602730 498.736664 2.656903
514.847300 -0.662713 502.489716 2.630347
518.803200 -0.723781 506.376740 2.609590
522.872000 -0.820721 510.483521 2.560322
527.067400 -0.907613 514.713440 2.556241
531.484600 -1.008331 518.992737 2.515127
535.788000 -1.123528 523.393433 2.419074
540.095200 -1.240793 527.880493 2.346407
544.388600 -1.358964 532.422852 2.142046
548.640100 -1.484108 536.888245 1.997221
552.847800 -1.609006 541.266907 1.906664
557.015400 -1.748461 545.708618 1.792814
561.136900 -1.902641 549.999390 1.636394
565.194300 -2.072988 554.352905 1.438908
569.181200 -2.245770 558.727783 1.198318
573.077500 -2.412964 562.994263 1.039996
576.891400 -2.602587 567.064087 0.858233
580.629300 -2.822180 571.091125 0.664627
584.318900 -3.024226 575.043884 0.465440
588.088800 -3.222316 578.901794 0.286364
591.728300 -3.407558 582.753906 0.150880
595.360800 -3.597253 586.597900 0.009985
598.999000 -3.783804 590.427979 -0.138667
602.653300 -3.960830 594.262939 -0.284966
606.344200 -4.145599 598.158508 -0.459936
610.080500 -4.346608 602.092957 -0.614192
613.871100 -4.544470 605.994751 -0.757874
617.713400 -4.731343 609.968872 -0.900010
621.625300 -4.947720 613.985779 -1.038984
625.596600 -5.137254 618.101013 -1.180190
629.626400 -5.293823 622.264404 -1.318017
633.706500 -5.401531 626.458008 -1.514685
637.812800 -5.537827 630.584778 -1.541535
641.954900 -5.638894 634.844543 -1.673674
646.113000 -5.772339 639.018127 -1.725023
650.215700 -5.902902 643.157471 -1.774743
654.169000 -6.012578 647.148132 -1.834410
658.047900 -6.112431 650.947693 -1.890035
661.598200 -6.197657 654.507019 -1.934319
664.965400 -6.275626 657.896973 -1.954322
668.153600 -6.338824 661.098267 -1.936583
671.104500 -6.367950 664.066956 -1.972784
673.790400 -6.403228 666.753418 -1.972765
676.252900 -6.446696 669.244690 -1.981331
678.603200 -6.481189 671.606262 -1.991927
680.876800 -6.502080 673.901306 -1.994770
683.023600 -6.526827 676.097229 -1.995514
685.015700 -6.549400 678.164612 -1.997297
686.888900 -6.569843 680.088989 -1.999173
688.516800 -6.588008 681.861572 -2.002603
689.945600 -6.614340 683.430359 -2.007312
691.169400 -6.636645 684.839661 -2.013551
692.183100 -6.656536 685.895325 -2.012937
692.984000 -6.676649 686.659546 -2.016397
693.583500 -6.692672 687.315247 -2.024533
694.010300 -6.705098 687.791809 -2.032384
694.302100 -6.724479 688.080261 -2.037625
694.534600 -6.737311 688.309326 -2.047946
694.732400 -6.747097 688.495789 -2.056957
694.875400 -6.757566 688.637329 -2.059320
694.957500 -6.766340 688.720947 -2.065418
694.998400 -6.776965 688.761597 -2.068386
695.022300 -6.784127 688.792664 -2.071557
695.020500 -6.787894 688.798523 -2.068961
695.018200 -6.795284 688.804749 -2.065450
695.016600 -6.800972 688.809265 -2.062851
695.014000 -6.809459 688.815613 -2.065995
695.009300 -6.817031 688.820740 -2.067760
695.004400 -6.825130 688.823792 -2.068341
694.999100 -6.832710 688.825745 -2.069889
694.995500 -6.836990 688.825500 -2.070673
694.991800 -6.842373 688.821899 -2.070479
