0 0.000278 0.062565 100.000000 6.535948
0 0.000160 0.029800 200.000000 6.944445
0 0.000043 0.009844 300.000000 7.109005
0 0.000057 0.010319 400.000000 7.366483
0 0.000085 0.019119 500.000000 6.393862
10 0.000293 0.059221 100.000000 6.944445
10 0.000161 0.028276 200.000000 7.142857
10 0.000045 0.011286 300.000000 7.263923
10 0.000057 0.011327 400.000000 7.462687
10 0.000084 0.019656 500.000000 6.468305
20 0.000205 0.056606 100.000000 7.299270
20 0.000118 0.031849 200.000000 7.299270
20 0.000038 0.012375 300.000000 7.389163
20 0.000027 0.011220 400.000000 7.518797
20 0.000061 0.017199 500.000000 6.527415
30 0.000199 0.057660 100.000000 7.692307
30 0.000096 0.036203 200.000000 7.462687
30 0.000066 0.012994 300.000000 7.518797
30 0.000032 0.012205 400.000000 7.547170
30 0.000041 0.015773 500.000000 6.578948
40 0.000236 0.057484 100.000000 8.064516
40 0.000106 0.039527 200.000000 7.604563
40 0.000080 0.015510 300.000000 7.614213
40 0.000046 0.013400 400.000000 7.504691
40 0.000032 0.015230 500.000000 6.622517
50 0.000225 0.044627 100.000000 8.403361
50 0.000135 0.029921 200.000000 7.692307
50 0.000022 0.017531 300.000000 7.712082
50 0.000110 0.013689 400.000000 7.312614
50 0.000059 0.016500 500.000000 6.666667
60 0.000358 0.030237 100.000000 8.695652
60 0.000226 0.024241 200.000000 7.751938
60 0.000067 0.019458 300.000000 7.772021
60 0.000167 0.013267 400.000000 7.207207
70 0.000420 0.023803 100.000000 8.849558
70 0.000179 0.021827 200.000000 7.751938
70 0.000091 0.017178 300.000000 7.832898
70 0.000114 0.011683 400.000000 7.155635
80 0.000450 0.024488 100.000000 9.009009
80 0.000122 0.024347 200.000000 7.692307
80 0.000096 0.015812 300.000000 7.853403
80 0.000117 0.011641 400.000000 7.104796
90 0.000476 0.024011 100.000000 9.090909
90 0.000108 0.028727 200.000000 7.604563
90 0.000095 0.016716 300.000000 7.874016
90 0.000119 0.012849 400.000000 7.017544
100 0.000479 0.029534 100.000000 9.090909
100 0.000166 0.030210 200.000000 7.518797
100 0.000092 0.016193 300.000000 7.874016
100 0.000127 0.013171 400.000000 6.944445
110 0.000479 0.031941 100.000000 8.928572
110 0.000121 0.031141 200.000000 7.490637
110 0.000084 0.016501 300.000000 7.874016
110 0.000108 0.013790 400.000000 6.861063
120 0.000385 0.034543 100.000000 8.620689
120 0.000117 0.031919 200.000000 7.462687
120 0.000084 0.016816 300.000000 7.853403
120 0.000102 0.015408 400.000000 6.734007
130 0.000234 0.035220 100.000000 8.130081
130 0.000079 0.031119 200.000000 7.434944
130 0.000065 0.016704 300.000000 7.832898
130 0.000179 0.015749 400.000000 6.504065
140 0.000124 0.033164 100.000000 7.692307
140 0.000051 0.030535 200.000000 7.434944
140 0.000053 0.017084 300.000000 7.812500
140 0.000129 0.019397 400.000000 6.389776
150 0.000136 0.030497 100.000000 7.299270
150 0.000074 0.029502 200.000000 7.407407
150 0.000057 0.018791 300.000000 7.672634
150 0.000096 0.020531 400.000000 6.349206
160 0.000192 0.030955 100.000000 7.142857
160 0.000100 0.029412 200.000000 7.380074
160 0.000037 0.023573 300.000000 7.407407
160 0.000073 0.020473 400.000000 6.329114
170 0.000150 0.030628 100.000000 6.993007
170 0.000100 0.030264 200.000000 7.352941
170 0.000121 0.025583 300.000000 6.896552
180 0.000130 0.030807 100.000000 6.849315
180 0.000105 0.031773 200.000000 7.352941
180 0.000054 0.019642 300.000000 6.711410
190 0.000259 0.036727 100.000000 6.622517
190 0.000107 0.033170 200.000000 7.352941
190 0.000049 0.018333 300.000000 6.607930
200 0.000270 0.042695 100.000000 6.451613
200 0.000114 0.034613 200.000000 7.352941
200 0.000045 0.020071 300.000000 6.493506
210 0.000197 0.044314 100.000000 6.369427
210 0.000115 0.036193 200.000000 7.352941
210 0.000051 0.021433 300.000000 6.410256
220 0.000265 0.046892 100.000000 6.410256
220 0.000125 0.038122 200.000000 7.407407
220 0.000049 0.022303 300.000000 6.355932
230 0.000239 0.047917 100.000000 6.451613
230 0.000105 0.036587 200.000000 7.462687
230 0.000063 0.021700 300.000000 6.289308
240 0.000170 0.047766 100.000000 6.578948
240 0.000071 0.033163 200.000000 7.547170
240 0.000054 0.020413 300.000000 6.224066
250 0.000158 0.050302 100.000000 6.756757
250 0.000048 0.033682 200.000000 7.633588
250 0.000155 0.023315 300.000000 6.085193
260 0.000155 0.050378 100.000000 6.944445
260 0.000055 0.031458 200.000000 7.722008
260 0.000188 0.027166 300.000000 6.036217
270 0.000151 0.053563 100.000000 7.142857
270 0.000041 0.032849 200.000000 7.843137
270 0.000123 0.031366 300.000000 6.036217
280 0.000179 0.055880 100.000000 7.299270
280 0.000052 0.035501 200.000000 7.874016
280 0.000090 0.032419 300.000000 6.048387
290 0.000203 0.060550 100.000000 7.462687
290 0.000056 0.040041 200.000000 7.751938
290 0.000079 0.033790 300.000000 6.072875
300 0.000305 0.070350 100.000000 7.575758
300 0.000117 0.053062 200.000000 7.462687
300 0.000043 0.035716 300.000000 6.085193
310 0.000304 0.070186 100.000000 7.633588
310 0.000109 0.053637 200.000000 6.849315
320 0.000241 0.066087 100.000000 7.812500
320 0.000100 0.041615 200.000000 6.644518
330 0.000131 0.051321 100.000000 7.936508
330 0.000099 0.029872 200.000000 6.600660
340 0.000120 0.041304 100.000000 8.130081
340 0.000135 0.031180 200.000000 6.557377
350 0.000100 0.037212 100.000000 8.333333
350 0.000134 0.033021 200.000000 6.493506
360 0.000065 0.036561 100.000000 8.547009
360 0.000132 0.031916 200.000000 6.430868
370 0.000057 0.038034 100.000000 8.620689
370 0.000084 0.031302 200.000000 6.369427
380 0.000057 0.032948 100.000000 8.695652
380 0.000112 0.033093 200.000000 6.230530
390 0.000057 0.030006 100.000000 8.695652
390 0.000098 0.032387 200.000000 6.024096
400 0.000082 0.028596 100.000000 8.620689
400 0.000295 0.036849 200.000000 5.681818
410 0.000119 0.030137 100.000000 8.547009
410 0.000216 0.045875 200.000000 5.571031
420 0.000158 0.033582 100.000000 8.130081
420 0.000187 0.044373 200.000000 5.524862
430 0.000096 0.038426 100.000000 7.299270
430 0.000167 0.043883 200.000000 5.524862
440 0.000517 0.033694 100.000000 6.060606
450 0.000246 0.039433 100.000000 5.681818
460 0.000178 0.044681 100.000000 5.464481
470 0.000199 0.042645 100.000000 5.235602
480 0.000225 0.042226 100.000000 5.050505
490 0.000169 0.042998 100.000000 4.901961
500 0.000159 0.041522 100.000000 4.672897
510 0.000475 0.037833 100.000000 4.310345
520 0.000458 0.049439 100.000000 4.132231
530 0.000285 0.051048 100.000000 4.098361
540 0.000228 0.046983 100.000000 4.149378
550 0.000258 0.045235 100.000000 4.237288
560 0.000272 0.044837 100.000000 4.347826
570 0.000271 0.045455 100.000000 4.464286
580 0.000154 0.038367 100.000000 4.608295
590 0.000066 0.033468 100.000000 4.784689
