1.000000 0.000000 0.000000 0.000000 0.000000 0.999999 -0.000000 0.000000 0.000000 -0.000000 0.999999 0.000000
1.000000 0.000038 -0.000096 0.047670 -0.000038 0.999999 0.000015 0.000252 0.000095 -0.000015 1.000000 -0.000700
1.000000 0.000228 -0.000009 0.095189 -0.000228 1.000000 0.000059 0.001668 0.000009 -0.000060 0.999999 0.000156
1.000000 0.000398 -0.000040 0.146539 -0.000398 1.000000 0.000176 0.002144 0.000040 -0.000177 0.999999 0.000424
1.000000 0.000450 -0.000077 0.203196 -0.000449 0.999999 0.000187 0.001697 0.000078 -0.000187 1.000000 0.001188
0.999999 0.000746 0.000078 0.261444 -0.000745 1.000000 0.000108 0.003806 -0.000078 -0.000109 1.000000 0.002715
1.000000 0.000933 0.000361 0.325020 -0.000933 0.999999 -0.000024 0.004824 -0.000361 0.000023 0.999999 0.004206
0.999999 0.001226 0.000465 0.391708 -0.001227 0.999998 0.000012 0.006514 -0.000465 -0.000012 1.000000 0.004293
0.999998 0.001546 0.000571 0.460413 -0.001547 0.999998 -0.000138 0.008414 -0.000571 0.000138 0.999999 0.005283
0.999998 0.001722 0.000779 0.530016 -0.001722 0.999998 -0.000309 0.010189 -0.000779 0.000307 1.000000 0.006274
0.999999 0.001337 0.000741 0.606527 -0.001337 0.999998 -0.000672 0.007872 -0.000742 0.000671 0.999999 0.006394
0.999999 0.001098 0.000628 0.684657 -0.001097 0.999999 -0.000857 0.005615 -0.000629 0.000857 0.999999 0.006248
0.999999 -0.000265 -0.000403 0.785747 0.000265 0.999999 -0.000699 0.001234 0.000403 0.000698 0.999999 0.002040
0.999997 -0.002037 -0.001230 0.890324 0.002037 0.999998 -0.000763 -0.003244 0.001232 0.000761 0.999999 -0.002220
0.999985 -0.005136 -0.001809 0.998414 0.005134 0.999986 -0.000930 -0.007778 0.001814 0.000921 0.999997 -0.006249
0.999949 -0.009973 -0.002125 1.110530 0.009970 0.999950 -0.001128 -0.012222 0.002137 0.001106 0.999997 -0.010000
0.999856 -0.016846 -0.002210 1.226784 0.016843 0.999856 -0.001356 -0.016404 0.002233 0.001318 0.999996 -0.013476
0.999656 -0.026141 -0.002045 1.347048 0.026137 0.999656 -0.001783 -0.020273 0.002092 0.001729 0.999996 -0.016659
0.999242 -0.038927 0.001125 1.472961 0.038929 0.999241 -0.001200 -0.017103 -0.001077 0.001243 0.999998 -0.020492
0.998467 -0.055182 0.004202 1.612424 0.055184 0.998476 -0.000496 -0.008076 -0.004169 0.000727 0.999990 -0.023488
0.997187 -0.074657 0.006657 1.763599 0.074655 0.997209 0.000488 0.005737 -0.006675 0.000009 0.999977 -0.025923
0.995193 -0.097563 0.008558 1.926090 0.097549 0.995228 0.001986 0.025849 -0.008711 -0.001142 0.999961 -0.027829
0.992233 -0.123999 0.009883 2.101024 0.123971 0.992279 0.003492 0.054029 -0.010240 -0.002240 0.999945 -0.028959
0.988290 -0.152228 0.010515 2.282377 0.152191 0.988341 0.004227 0.087320 -0.011037 -0.002578 0.999935 -0.031097
0.983005 -0.183256 0.010826 2.477391 0.183216 0.983062 0.004592 0.127157 -0.011485 -0.002530 0.999930 -0.034162
0.976164 -0.216746 0.011112 2.682522 0.216707 0.976225 0.004592 0.174333 -0.011843 -0.002075 0.999927 -0.037714
0.967544 -0.252449 0.011284 2.895999 0.252409 0.967609 0.004848 0.230436 -0.012143 -0.001842 0.999924 -0.041631
0.956825 -0.290430 0.011692 3.117757 0.290377 0.956893 0.006043 0.298264 -0.012943 -0.002387 0.999913 -0.045654
0.943761 -0.330394 0.012434 3.347553 0.330307 0.943834 0.008571 0.378315 -0.014568 -0.003981 0.999886 -0.049929
0.928344 -0.371476 0.013519 3.585024 0.371340 0.928425 0.011532 0.471161 -0.016836 -0.005686 0.999842 -0.054987
0.910340 -0.413598 0.014742 3.822329 0.413409 0.910432 0.014328 0.571639 -0.019348 -0.006949 0.999788 -0.060026
0.889418 -0.456815 0.015996 4.061813 0.456585 0.889534 0.016098 0.680129 -0.021582 -0.007015 0.999742 -0.064948
0.865671 -0.500287 0.018110 4.302098 0.500016 0.865837 0.017559 0.797651 -0.024464 -0.006145 0.999681 -0.069517
0.839236 -0.543311 0.022295 4.542654 0.542983 0.839521 0.019303 0.924578 -0.029204 -0.004095 0.999564 -0.074644
0.810113 -0.585709 0.025723 4.781375 0.585259 0.810512 0.023261 1.061405 -0.034473 -0.003789 0.999398 -0.081718
0.778010 -0.627666 0.027143 5.017299 0.627047 0.778467 0.028308 1.208328 -0.038898 -0.005004 0.999231 -0.089410
0.743199 -0.668495 0.027776 5.250822 0.667638 0.743682 0.034567 1.365915 -0.043764 -0.007145 0.999016 -0.097738
0.705857 -0.707761 0.028982 5.482306 0.706658 0.706407 0.040288 1.533743 -0.048987 -0.007957 0.998767 -0.106432
0.665718 -0.745526 0.031793 5.714029 0.744230 0.666451 0.044313 1.712399 -0.054226 -0.005839 0.998511 -0.115421
0.622772 -0.781633 0.034710 5.937697 0.780170 0.623732 0.047880 1.908312 -0.059074 -0.002739 0.998250 -0.126049
0.577048 -0.815899 0.036394 6.160050 0.814353 0.578193 0.050211 2.121968 -0.062010 0.000663 0.998075 -0.138579
0.529404 -0.847575 0.036720 6.373438 0.846032 0.530661 0.051264 2.356205 -0.062936 0.003927 0.998010 -0.154677
0.480778 -0.876109 0.035880 6.577279 0.874610 0.482070 0.051623 2.608929 -0.062524 0.006561 0.998021 -0.173500
0.431958 -0.901257 0.033886 6.770558 0.899799 0.433209 0.051874 2.880040 -0.061431 0.008084 0.998078 -0.194032
0.383419 -0.923002 0.032514 6.952855 0.921620 0.384659 0.051523 3.168740 -0.060062 0.010212 0.998142 -0.216412
0.335325 -0.941546 0.032380 7.124283 0.940242 0.336624 0.051266 3.474548 -0.059169 0.013255 0.998159 -0.239365
0.287701 -0.957115 0.034057 7.284225 0.955948 0.289150 0.050561 3.795112 -0.058240 0.018010 0.998140 -0.262640
0.240365 -0.969991 0.036620 7.431674 0.968920 0.242030 0.051131 4.130128 -0.058460 0.023191 0.998020 -0.283492
0.194421 -0.980177 0.038118 7.564704 0.979050 0.196300 0.054096 4.479543 -0.060506 0.026802 0.997807 -0.302479
0.153398 -0.987510 0.035963 7.663188 0.986149 0.155307 0.058225 4.971323 -0.063083 0.026534 0.997655 -0.326132
0.113871 -0.992911 0.034063 7.749099 0.991414 0.115784 0.060765 5.487336 -0.064278 0.026852 0.997570 -0.352901
0.078941 -0.996361 0.032139 7.824374 0.994850 0.080795 0.061205 6.011746 -0.063580 0.027143 0.997607 -0.381970
0.048239 -0.998382 0.030111 7.889704 0.996879 0.050009 0.061093 6.544331 -0.062500 0.027069 0.997677 -0.411566
0.021107 -0.999335 0.029756 7.946514 0.997908 0.022877 0.060458 7.084691 -0.061098 0.028417 0.997726 -0.441344
-0.003088 -0.999478 0.032134 7.994122 0.998183 -0.001148 0.060240 7.639726 -0.060172 0.032262 0.997667 -0.470834
-0.024360 -0.999130 0.033845 8.027251 0.997903 -0.022272 0.060773 8.203368 -0.059966 0.035254 0.997577 -0.499564
-0.043268 -0.998494 0.033724 8.053742 0.997311 -0.041170 0.060612 8.769549 -0.059133 0.036255 0.997591 -0.528663
-0.058961 -0.997710 0.033134 8.076429 0.996545 -0.056882 0.060513 9.348504 -0.058490 0.036588 0.997616 -0.560767
-0.071695 -0.996918 0.031865 8.064138 0.995696 -0.069653 0.061138 9.942072 -0.058731 0.036111 0.997620 -0.590434
-0.081655 -0.996131 0.032490 8.041077 0.994912 -0.079537 0.061837 10.550665 -0.059014 0.037374 0.997556 -0.621467
-0.088379 -0.995523 0.033499 8.015334 0.994269 -0.086138 0.063317 11.169049 -0.060148 0.038903 0.997430 -0.652982
-0.092181 -0.995140 0.034634 7.965355 0.993759 -0.089748 0.066237 11.806841 -0.062806 0.040524 0.997203 -0.686011
-0.095321 -0.994827 0.035116 7.907605 0.993322 -0.092755 0.068602 12.458971 -0.064990 0.041420 0.997026 -0.722092
-0.097179 -0.994651 0.034996 7.844074 0.993167 -0.094632 0.068276 13.119809 -0.064599 0.041393 0.997052 -0.764194
-0.099636 -0.994413 0.034862 7.774971 0.992969 -0.097120 0.067664 13.781962 -0.063900 0.041359 0.997098 -0.807527
-0.102366 -0.994113 0.035499 7.705678 0.992767 -0.099847 0.066660 14.448372 -0.062723 0.042065 0.997144 -0.852374
-0.104448 -0.993894 0.035568 7.634574 0.992642 -0.101981 0.065262 15.119652 -0.061236 0.042123 0.997234 -0.896973
-0.105277 -0.993843 0.034547 7.561940 0.992523 -0.102852 0.065721 15.797309 -0.061764 0.041207 0.997239 -0.939876
-0.105731 -0.993837 0.033315 7.489687 0.992341 -0.103302 0.067739 16.479959 -0.063880 0.040221 0.997146 -0.982716
-0.106032 -0.993838 0.032328 7.417206 0.992190 -0.103596 0.069470 17.167921 -0.065693 0.039441 0.997060 -1.026478
-0.106095 -0.993859 0.031445 7.344248 0.992211 -0.103738 0.068963 17.860727 -0.065278 0.038516 0.997123 -1.071478
-0.105993 -0.993873 0.031334 7.275638 0.992419 -0.103762 0.065851 18.565416 -0.062196 0.038076 0.997337 -1.117216
-0.105854 -0.993828 0.033189 7.207059 0.992675 -0.103659 0.062055 19.282518 -0.058232 0.039515 0.997520 -1.166021
-0.105571 -0.993818 0.034369 7.136747 0.992845 -0.103402 0.059714 20.009701 -0.055791 0.040427 0.997623 -1.214744
-0.105282 -0.993854 0.034209 7.064528 0.992783 -0.103059 0.061321 20.746513 -0.057418 0.040418 0.997531 -1.258680
-0.105466 -0.993826 0.034430 6.991789 0.992554 -0.103084 0.064879 21.491911 -0.060929 0.041016 0.997299 -1.299699
-0.106132 -0.993715 0.035589 6.918946 0.992328 -0.103566 0.067520 22.244490 -0.063409 0.042482 0.997082 -1.342137
-0.106821 -0.993520 0.038834 6.845889 0.992235 -0.104019 0.068187 23.003794 -0.063706 0.045816 0.996916 -1.388237
-0.107200 -0.993342 0.042196 6.754146 0.992308 -0.104253 0.066751 23.798185 -0.061908 0.049026 0.996876 -1.437143
-0.107988 -0.993148 0.044668 6.654702 0.992397 -0.105020 0.064184 24.616203 -0.059054 0.051258 0.996937 -1.486549
-0.108760 -0.993027 0.045481 6.554121 0.992544 -0.105948 0.060256 25.439480 -0.055017 0.051694 0.997146 -1.536434
-0.109548 -0.992872 0.046968 6.454194 0.992668 -0.106854 0.056494 26.268091 -0.051073 0.052813 0.997297 -1.585878
-0.110276 -0.992663 0.049590 6.356295 0.992717 -0.107574 0.054218 27.101912 -0.048485 0.055208 0.997296 -1.633304
-0.110749 -0.992581 0.050192 6.258598 0.992678 -0.108026 0.054045 27.941204 -0.048222 0.055810 0.997276 -1.678197
-0.111100 -0.992585 0.049317 6.161201 0.992574 -0.108353 0.055276 28.784914 -0.049523 0.055091 0.997252 -1.722493
-0.111479 -0.992573 0.048702 6.065071 0.992436 -0.108661 0.057124 29.630362 -0.051408 0.054701 0.997178 -1.766788
-0.111485 -0.992551 0.049130 5.969740 0.992363 -0.108568 0.058534 30.480536 -0.052764 0.055280 0.997075 -1.812068
-0.111162 -0.992575 0.049390 5.872242 0.992340 -0.108167 0.059664 31.334911 -0.053879 0.055643 0.996996 -1.858787
-0.111092 -0.992586 0.049309 5.773463 0.992366 -0.108121 0.059319 32.194080 -0.053548 0.055522 0.997020 -1.907286
-0.111183 -0.992580 0.049228 5.673205 0.992360 -0.108220 0.059238 33.056625 -0.053471 0.055438 0.997029 -1.955399
-0.111222 -0.992612 0.048492 5.570557 0.992423 -0.108374 0.057880 33.921894 -0.052197 0.054562 0.997145 -2.006461
-0.111084 -0.992594 0.049169 5.466551 0.992467 -0.108226 0.057406 34.791180 -0.051660 0.055175 0.997139 -2.055691
-0.111673 -0.992457 0.050566 5.367311 0.992417 -0.108749 0.057285 35.661911 -0.051354 0.056580 0.997076 -2.097348
-0.112267 -0.992203 0.054127 5.269537 0.992484 -0.109297 0.055045 36.533234 -0.048700 0.059900 0.997015 -2.140871
-0.112633 -0.991995 0.057100 5.167097 0.992527 -0.109607 0.053625 37.407814 -0.046937 0.062714 0.996927 -2.181105
-0.113076 -0.991879 0.058220 5.054396 0.992451 -0.109951 0.054332 38.290424 -0.047490 0.063924 0.996823 -2.224126
-0.115532 -0.991536 0.059226 4.968124 0.991969 -0.112082 0.058598 39.161221 -0.051464 0.065520 0.996522 -2.258917
-0.117130 -0.991347 0.059263 4.872972 0.991614 -0.113464 0.061859 40.052723 -0.054600 0.066012 0.996323 -2.301048
-0.117766 -0.991271 0.059283 4.765321 0.991469 -0.114012 0.063165 40.956253 -0.055854 0.066216 0.996240 -2.351950
-0.118341 -0.991248 0.058515 4.649357 0.991438 -0.114677 0.062449 41.863056 -0.055192 0.065404 0.996331 -2.409437
-0.118990 -0.991267 0.056837 4.530238 0.991438 -0.115520 0.060873 42.771553 -0.053776 0.063593 0.996526 -2.467647
-0.119723 -0.991272 0.055183 4.408297 0.991368 -0.116372 0.060393 43.682140 -0.053444 0.061937 0.996648 -2.523867
-0.120503 -0.991218 0.054469 4.284217 0.991220 -0.117134 0.061324 44.594845 -0.054405 0.061379 0.996631 -2.578083
-0.121339 -0.991191 0.053085 4.158055 0.991027 -0.117952 0.062870 45.508972 -0.056055 0.060237 0.996608 -2.629478
-0.122340 -0.991215 0.050274 4.035765 0.990856 -0.119079 0.063436 46.420643 -0.056892 0.057575 0.996718 -2.681748
-0.123273 -0.991128 0.049682 3.908849 0.990754 -0.120058 0.063188 47.334385 -0.056663 0.057013 0.996764 -2.733501
-0.124428 -0.990960 0.050158 3.789319 0.990655 -0.121227 0.062493 48.258282 -0.055847 0.057465 0.996784 -2.792722
-0.125457 -0.990802 0.050715 3.667550 0.990519 -0.122209 0.062735 49.181057 -0.055960 0.058104 0.996740 -2.842111
-0.126308 -0.990659 0.051400 3.542041 0.990385 -0.122987 0.063328 50.101234 -0.056415 0.058904 0.996667 -2.887742
-0.127075 -0.990559 0.051427 3.412694 0.990247 -0.123707 0.064090 51.020317 -0.057123 0.059069 0.996617 -2.934989
-0.127613 -0.990512 0.050989 3.281455 0.990143 -0.124237 0.064669 51.937782 -0.057720 0.058738 0.996603 -2.983952
-0.127895 -0.990533 0.049869 3.148556 0.990075 -0.124560 0.065088 52.853390 -0.058260 0.057699 0.996632 -3.034666
-0.127839 -0.990693 0.046728 3.013482 0.990015 -0.124647 0.065834 53.767704 -0.059397 0.054677 0.996735 -3.086584
-0.127209 -0.990969 0.042408 2.880596 0.989973 -0.124202 0.067285 54.684097 -0.061410 0.050542 0.996831 -3.136903
-0.125877 -0.991302 0.038399 2.747945 0.989997 -0.123037 0.069040 55.601009 -0.063714 0.046706 0.996875 -3.187872
-0.123801 -0.991614 0.037090 2.613903 0.990127 -0.120966 0.070823 56.514130 -0.065743 0.045491 0.996798 -3.242782
-0.121502 -0.991875 0.037702 2.483460 0.990317 -0.118567 0.072202 57.427700 -0.067145 0.046110 0.996677 -3.299693
-0.119266 -0.992102 0.038848 2.355863 0.990579 -0.116249 0.072375 58.342644 -0.067287 0.047114 0.996620 -3.358079
-0.117371 -0.992265 0.040424 2.231172 0.990911 -0.114323 0.070885 59.256584 -0.065716 0.048377 0.996665 -3.417702
-0.115868 -0.992392 0.041633 2.108668 0.991253 -0.112867 0.068380 60.170982 -0.063162 0.049192 0.996790 -3.478379
-0.114372 -0.992520 0.042696 1.987986 0.991534 -0.111389 0.066715 61.086311 -0.061460 0.049965 0.996857 -3.537506
-0.113023 -0.992716 0.041732 1.868308 0.991717 -0.110131 0.066093 62.003353 -0.061016 0.048856 0.996940 -3.594481
-0.111545 -0.992945 0.040227 1.748968 0.991889 -0.108762 0.065776 62.921158 -0.060937 0.047238 0.997023 -3.649884
-0.110347 -0.993120 0.039204 1.630775 0.992045 -0.107652 0.065252 63.842323 -0.060583 0.046092 0.997098 -3.705114
-0.108711 -0.993323 0.038612 1.506015 0.992295 -0.106113 0.063959 64.774200 -0.059436 0.045267 0.997205 -3.763753
-0.107742 -0.993427 0.038655 1.381852 0.992417 -0.105156 0.063653 65.711220 -0.059169 0.045220 0.997223 -3.822031
-0.107007 -0.993449 0.040116 1.276570 0.992586 -0.104402 0.062229 66.659210 -0.057633 0.046476 0.997255 -3.887722
-0.106004 -0.993476 0.042055 1.178130 0.992725 -0.103306 0.061838 67.611366 -0.057091 0.048304 0.997199 -3.953654
-0.105035 -0.993477 0.044405 1.078339 0.992870 -0.102231 0.061297 68.563591 -0.056357 0.050526 0.997131 -4.017729
-0.104289 -0.993460 0.046502 0.975373 0.992991 -0.101398 0.060707 69.519867 -0.055595 0.052508 0.997072 -4.078571
-0.103273 -0.993436 0.049183 0.870659 0.993131 -0.100255 0.060325 70.478867 -0.054998 0.055075 0.996966 -4.137166
-0.101869 -0.993512 0.050560 0.764214 0.993274 -0.098771 0.060413 71.440689 -0.055028 0.056375 0.996892 -4.194193
-0.099882 -0.993715 0.050548 0.654853 0.993377 -0.096692 0.062067 72.405891 -0.056790 0.056412 0.996791 -4.248213
-0.098039 -0.993967 0.049188 0.538619 0.993461 -0.094845 0.063542 73.377838 -0.058492 0.055096 0.996766 -4.299627
-0.096122 -0.994179 0.048662 0.421650 0.993576 -0.092901 0.064612 74.352432 -0.059715 0.054561 0.996723 -4.351165
-0.094522 -0.994330 0.048721 0.308116 0.993720 -0.091294 0.064686 75.330238 -0.059871 0.054529 0.996715 -4.404665
-0.093129 -0.994403 0.049892 0.198158 0.993847 -0.089827 0.064790 76.310020 -0.059946 0.055619 0.996650 -4.458910
-0.093343 -0.994365 0.050257 0.114404 0.993934 -0.090117 0.063033 77.311012 -0.058149 0.055835 0.996744 -4.552450
-0.092343 -0.994455 0.050325 0.035944 0.994020 -0.089108 0.063120 78.316040 -0.058285 0.055852 0.996736 -4.651416
-0.091741 -0.994493 0.050664 -0.044320 0.994106 -0.088518 0.062584 79.318352 -0.057754 0.056107 0.996752 -4.746661
-0.091365 -0.994530 0.050619 -0.126024 0.994141 -0.088147 0.062539 80.320961 -0.057736 0.056037 0.996758 -4.839101
-0.090864 -0.994624 0.049662 -0.209065 0.994130 -0.087653 0.063414 81.322395 -0.058720 0.055134 0.996750 -4.928236
-0.090568 -0.994713 0.048427 -0.293285 0.994050 -0.087338 0.065094 82.324509 -0.060519 0.054035 0.996703 -5.014351
-0.090286 -0.994820 0.046705 -0.396126 0.993978 -0.087088 0.066509 83.319138 -0.062097 0.052429 0.996691 -5.071596
-0.089935 -0.994879 0.046122 -0.504051 0.993953 -0.086729 0.067345 84.309326 -0.063000 0.051900 0.996662 -5.121852
-0.089584 -0.994937 0.045551 -0.615373 0.993975 -0.086411 0.067421 85.293854 -0.063143 0.051317 0.996684 -5.166299
-0.089115 -0.995009 0.044892 -0.728212 0.993969 -0.085951 0.068086 86.273392 -0.063888 0.050688 0.996668 -5.205669
-0.089593 -0.995012 0.043854 -0.814587 0.993862 -0.086447 0.069025 87.249435 -0.064890 0.049769 0.996650 -5.265290
-0.088783 -0.995175 0.041744 -0.905630 0.993904 -0.085764 0.069270 88.219154 -0.065356 0.047639 0.996724 -5.324365
-0.086950 -0.995409 0.040007 -1.001415 0.993992 -0.084008 0.070154 89.187218 -0.066471 0.045867 0.996733 -5.384805
-0.084973 -0.995639 0.038502 -1.095522 0.994141 -0.082127 0.070276 90.152046 -0.066807 0.044248 0.996784 -5.445979
-0.083120 -0.995846 0.037168 -1.187716 0.994289 -0.080370 0.070211 91.113503 -0.066932 0.042791 0.996839 -5.505608
-0.081517 -0.995986 0.036982 -1.277447 0.994488 -0.078827 0.069131 92.071350 -0.065939 0.042412 0.996921 -5.565458
-0.080088 -0.996120 0.036499 -1.365025 0.994721 -0.077513 0.067233 93.026222 -0.064143 0.041691 0.997069 -5.624788
-0.078935 -0.996225 0.036119 -1.450758 0.994939 -0.076469 0.065178 93.978004 -0.062171 0.041081 0.997219 -5.682818
-0.078398 -0.996212 0.037607 -1.533588 0.995011 -0.075858 0.064784 94.929054 -0.061687 0.042498 0.997190 -5.738504
-0.078657 -0.996164 0.038324 -1.622424 0.994881 -0.075994 0.066615 95.862274 -0.063448 0.043367 0.997042 -5.798344
-0.079295 -0.996092 0.038900 -1.712934 0.994637 -0.076460 0.069633 96.790680 -0.066387 0.044213 0.996814 -5.857026
-0.080366 -0.996011 0.038774 -1.802012 0.994471 -0.077483 0.070864 97.717117 -0.067577 0.044254 0.996731 -5.916994
-0.081735 -0.995858 0.039849 -1.889184 0.994416 -0.078808 0.070180 98.644722 -0.066749 0.045363 0.996738 -5.978364
-0.083275 -0.995681 0.041030 -1.974772 0.994411 -0.080347 0.068489 99.572205 -0.064897 0.046504 0.996808 -6.039137
-0.084652 -0.995508 0.042401 -2.060219 0.994445 -0.081738 0.066298 100.499451 -0.062535 0.047777 0.996898 -6.097130
-0.086383 -0.995231 0.045300 -2.143890 0.994397 -0.083352 0.065009 101.425613 -0.060923 0.050661 0.996856 -6.151984
-0.088508 -0.994828 0.049834 -2.225820 0.994195 -0.085159 0.065750 102.354935 -0.061166 0.055363 0.996590 -6.204237
-0.091072 -0.994550 0.050760 -2.308904 0.993739 -0.087448 0.069543 103.281876 -0.064726 0.056777 0.996287 -6.254527
-0.093497 -0.994345 0.050361 -2.395416 0.993273 -0.089689 0.073225 104.208160 -0.068295 0.056869 0.996042 -6.305065
-0.095690 -0.994146 0.050176 -2.483432 0.992958 -0.091796 0.074883 105.133102 -0.069838 0.056989 0.995929 -6.357892
-0.097411 -0.994132 0.047038 -2.576388 0.992921 -0.093847 0.072798 106.057312 -0.067956 0.053796 0.996236 -6.415923
-0.098726 -0.994188 0.042916 -2.673966 0.992960 -0.095585 0.069955 106.978783 -0.065447 0.049521 0.996626 -6.474117
-0.100721 -0.994089 0.040523 -2.772293 0.992827 -0.097790 0.068783 107.900757 -0.064414 0.047160 0.996807 -6.530069
-0.102873 -0.993903 0.039668 -2.871395 0.992580 -0.099974 0.069217 108.821495 -0.064829 0.046494 0.996812 -6.584544
-0.105127 -0.993652 0.040041 -2.971281 0.992251 -0.102128 0.070760 109.742920 -0.066223 0.047169 0.996689 -6.637694
-0.107542 -0.993320 0.041823 -3.071146 0.992003 -0.104415 0.070890 110.664803 -0.066051 0.049112 0.996606 -6.691907
-0.109641 -0.992987 0.044231 -3.172122 0.991886 -0.106422 0.069536 111.586952 -0.064341 0.051495 0.996598 -6.747960
-0.111883 -0.992719 0.044627 -3.266518 0.991777 -0.108743 0.067479 112.506409 -0.062134 0.051810 0.996721 -6.811453
-0.112382 -0.992676 0.044318 -3.379267 0.991727 -0.109267 0.067360 113.407127 -0.062024 0.051522 0.996743 -6.860439
-0.112940 -0.992624 0.044074 -3.500858 0.991715 -0.109882 0.066540 114.305283 -0.061206 0.051224 0.996809 -6.901803
-0.113102 -0.992612 0.043935 -3.619368 0.991726 -0.110078 0.066040 115.209175 -0.060716 0.051041 0.996849 -6.945906
-0.113107 -0.992618 0.043782 -3.734489 0.991738 -0.110103 0.065816 116.117523 -0.060510 0.050864 0.996871 -6.991534
-0.112766 -0.992691 0.042994 -3.838472 0.991737 -0.109784 0.066361 117.035378 -0.061157 0.050122 0.996869 -7.040671
-0.111858 -0.992847 0.041738 -3.938988 0.991893 -0.109006 0.065308 117.958466 -0.060292 0.048704 0.996991 -7.092686
-0.110205 -0.993035 0.041674 -4.052982 0.992202 -0.107464 0.063133 118.881325 -0.058216 0.048307 0.997134 -7.144219
-0.108008 -0.993274 0.041713 -4.169018 0.992539 -0.105352 0.061369 119.795845 -0.056562 0.048031 0.997242 -7.199014
-0.105596 -0.993560 0.041087 -4.283571 0.992671 -0.102880 0.063392 120.706749 -0.058757 0.047480 0.997142 -7.243135
-0.103243 -0.993816 0.040884 -4.398064 0.992885 -0.100521 0.063828 121.613739 -0.059323 0.047184 0.997122 -7.298119
-0.102146 -0.993898 0.041641 -4.510960 0.992950 -0.099339 0.064670 122.522659 -0.060139 0.047954 0.997037 -7.354789
-0.100974 -0.993982 0.042474 -4.620664 0.993165 -0.098195 0.063093 123.435837 -0.058542 0.048555 0.997103 -7.413053
-0.099612 -0.994103 0.042857 -4.728319 0.993359 -0.096861 0.062088 124.352943 -0.057571 0.048757 0.997149 -7.469884
-0.099157 -0.994150 0.042815 -4.808644 0.993492 -0.096485 0.060528 125.297302 -0.056042 0.048538 0.997248 -7.511417
-0.098147 -0.994227 0.043362 -4.885174 0.993649 -0.095494 0.059507 126.250694 -0.055023 0.048926 0.997286 -7.549908
-0.096952 -0.994313 0.044055 -4.961694 0.993815 -0.094306 0.058631 127.208580 -0.054143 0.049467 0.997307 -7.590385
-0.095547 -0.994448 0.044088 -5.043512 0.993859 -0.092820 0.060235 128.170074 -0.055809 0.049572 0.997209 -7.633619
-0.094139 -0.994568 0.044412 -5.132925 0.993797 -0.091226 0.063599 129.105774 -0.059203 0.050123 0.996986 -7.678564
-0.092768 -0.994697 0.044408 -5.221284 0.993804 -0.089759 0.065553 130.040253 -0.061220 0.050214 0.996860 -7.725062
-0.091272 -0.994815 0.044857 -5.308328 0.994009 -0.088293 0.064421 130.972076 -0.060126 0.050469 0.996914 -7.775006
-0.089903 -0.994825 0.047336 -5.392338 0.994346 -0.086961 0.060927 131.900940 -0.056496 0.052546 0.997018 -7.828251
-0.088596 -0.994817 0.049893 -5.473972 0.994631 -0.085670 0.058031 132.827148 -0.053456 0.054766 0.997067 -7.880143
-0.088602 -0.994749 0.051225 -5.545473 0.994634 -0.085600 0.058095 133.781723 -0.053405 0.056097 0.996996 -7.924077
-0.087748 -0.994763 0.052425 -5.614041 0.994670 -0.084637 0.058888 134.747009 -0.054142 0.057313 0.996886 -7.966037
-0.087143 -0.994665 0.055210 -5.681491 0.994652 -0.083790 0.060380 135.703720 -0.055433 0.060176 0.996647 -8.007826
-0.086416 -0.994699 0.055728 -5.750145 0.994602 -0.082914 0.062375 136.653656 -0.057424 0.060816 0.996495 -8.050169
-0.085363 -0.994821 0.055188 -5.820882 0.994547 -0.081748 0.064756 137.596313 -0.059909 0.060414 0.996374 -8.095145
-0.084718 -0.994933 0.054143 -5.891121 0.994362 -0.080943 0.068494 138.533890 -0.063764 0.059640 0.996181 -8.141284
-0.084017 -0.995028 0.053479 -5.961302 0.994174 -0.080067 0.072150 139.464462 -0.067510 0.059229 0.995959 -8.188194
-0.083165 -0.995145 0.052637 -6.031409 0.994100 -0.079155 0.074155 140.385849 -0.069629 0.058494 0.995856 -8.238162
-0.082398 -0.995316 0.050547 -6.101999 0.994144 -0.078532 0.074219 141.299942 -0.069902 0.056366 0.995959 -8.291932
-0.081644 -0.995507 0.047975 -6.172225 0.994213 -0.077978 0.073881 142.206177 -0.069808 0.053729 0.996112 -8.346498
-0.081075 -0.995651 0.045900 -6.240917 0.994242 -0.077553 0.073945 143.104599 -0.070063 0.051631 0.996205 -8.400899
-0.080350 -0.995789 0.044157 -6.308469 0.994237 -0.076915 0.074672 143.993179 -0.070962 0.049902 0.996229 -8.454517
-0.081488 -0.995774 0.042344 -6.360063 0.994019 -0.078098 0.076327 144.830460 -0.072697 0.048310 0.996183 -8.509762
-0.080856 -0.995868 0.041342 -6.408726 0.993942 -0.077463 0.077958 145.645233 -0.074433 0.047395 0.996099 -8.566327
-0.080192 -0.995948 0.040722 -6.459428 0.993945 -0.076819 0.078561 146.447464 -0.075114 0.046775 0.996077 -8.622523
-0.079551 -0.995973 0.041344 -6.509853 0.994024 -0.076149 0.078210 147.238266 -0.074747 0.047318 0.996079 -8.677523
-0.079242 -0.995985 0.041651 -6.561150 0.994109 -0.075856 0.077414 148.019699 -0.073945 0.047539 0.996128 -8.731112
-0.079266 -0.995995 0.041364 -6.615001 0.994219 -0.075974 0.075865 148.792847 -0.072418 0.047138 0.996260 -8.782404
-0.079943 -0.995950 0.041146 -6.672153 0.994249 -0.076720 0.074708 149.562149 -0.071248 0.046882 0.996356 -8.829926
-0.081096 -0.995841 0.041522 -6.731395 0.994219 -0.077882 0.073915 150.330597 -0.070374 0.047276 0.996399 -8.874990
-0.082110 -0.995751 0.041684 -6.793669 0.994171 -0.078904 0.073462 151.095352 -0.069862 0.047473 0.996426 -8.918401
-0.082939 -0.995711 0.040994 -6.857723 0.994112 -0.079788 0.073317 151.854507 -0.069732 0.046834 0.996466 -8.961272
-0.083571 -0.995678 0.040512 -6.921181 0.994107 -0.080485 0.072602 152.605484 -0.069028 0.046340 0.996538 -9.004714
-0.083967 -0.995620 0.041100 -6.982684 0.994125 -0.080872 0.071926 153.349533 -0.068287 0.046898 0.996562 -9.047952
-0.083919 -0.995573 0.042334 -7.042002 0.994148 -0.080748 0.071762 154.085220 -0.068025 0.048110 0.996523 -9.090724
-0.083676 -0.995556 0.043214 -7.099492 0.994162 -0.080437 0.071915 154.811493 -0.068120 0.048980 0.996474 -9.133102
-0.083219 -0.995592 0.043248 -7.152699 0.994119 -0.079922 0.073061 155.514709 -0.069283 0.049074 0.996389 -9.175603
-0.081872 -0.995730 0.042648 -7.201566 0.994123 -0.078550 0.074492 156.207275 -0.070824 0.048496 0.996309 -9.218657
-0.079875 -0.995902 0.042440 -7.254920 0.994256 -0.076556 0.074793 156.893265 -0.071238 0.048170 0.996295 -9.258397
-0.077451 -0.996100 0.042266 -7.306828 0.994442 -0.074151 0.074743 157.567886 -0.071317 0.047820 0.996306 -9.296602
-0.074470 -0.996325 0.042322 -7.356148 0.994724 -0.071214 0.073847 158.229492 -0.070562 0.047598 0.996371 -9.335267
-0.070869 -0.996630 0.041313 -7.402811 0.995102 -0.067777 0.071954 158.882797 -0.068911 0.046209 0.996552 -9.375277
-0.066232 -0.997012 0.039758 -7.444052 0.995494 -0.063317 0.070582 159.534286 -0.067854 0.044254 0.996713 -9.416396
-0.059983 -0.997484 0.037781 -7.484762 0.995958 -0.057270 0.069197 160.177109 -0.066859 0.041779 0.996887 -9.454522
-0.051944 -0.997980 0.036556 -7.519211 0.996523 -0.049410 0.067088 160.817810 -0.065146 0.039914 0.997077 -9.493917
-0.042552 -0.998447 0.035929 -7.550453 0.997120 -0.040181 0.064308 161.455795 -0.062764 0.038562 0.997283 -9.533491
-0.032028 -0.998852 0.035630 -7.578488 0.997680 -0.029808 0.061202 162.091537 -0.060070 0.037507 0.997489 -9.572899
-0.021061 -0.999141 0.035694 -7.602913 0.998087 -0.018938 0.058847 162.726410 -0.058120 0.036865 0.997628 -9.611437
-0.009753 -0.999320 0.035564 -7.623776 0.998284 -0.007677 0.058058 163.359344 -0.057745 0.036068 0.997679 -9.648228
0.002727 -0.999297 0.037378 -7.649423 0.998222 0.004944 0.059391 163.993393 -0.059535 0.037151 0.997534 -9.691790
0.015772 -0.999200 0.036738 -7.670205 0.998016 0.017971 0.060332 164.625427 -0.060943 0.035714 0.997502 -9.736510
0.030020 -0.998907 0.035841 -7.680816 0.997643 0.032156 0.060609 165.253098 -0.061695 0.033937 0.997518 -9.779814
0.045215 -0.998393 0.034139 -7.649285 0.997044 0.047226 0.060593 165.856308 -0.062107 0.031299 0.997578 -9.809623
0.061022 -0.997648 0.031220 -7.518167 0.996233 0.062806 0.059788 166.350861 -0.061609 0.027452 0.997722 -9.794505
0.078272 -0.996465 0.030504 -7.475353 0.994978 0.079996 0.060150 166.926788 -0.062377 0.025642 0.997723 -9.824935
0.097099 -0.994817 0.030202 -7.422490 0.993236 0.098796 0.060990 167.520996 -0.063658 0.024075 0.997681 -9.857674
0.117509 -0.992624 0.029819 -7.359090 0.990904 0.119182 0.062474 168.112686 -0.065568 0.022207 0.997601 -9.888959
0.138652 -0.989943 0.028106 -7.285155 0.988019 0.140214 0.064479 168.692215 -0.067772 0.018829 0.997523 -9.920173
0.160735 -0.986664 0.025671 -7.201012 0.984597 0.162102 0.065496 169.274826 -0.068783 0.014747 0.997522 -9.954332
0.185782 -0.982381 0.020307 -7.170851 0.980342 0.186715 0.063760 169.881607 -0.066427 0.008062 0.997758 -9.989575
0.208859 -0.977783 0.017873 -7.150432 0.975788 0.209576 0.062573 170.493500 -0.064929 0.004371 0.997880 -10.024584
0.232233 -0.972523 0.016349 -7.112662 0.970564 0.232803 0.061699 171.099075 -0.063809 0.001540 0.997960 -10.059680
0.255832 -0.966593 0.015760 -7.056121 0.964682 0.256317 0.060746 171.697906 -0.062756 -0.000337 0.998028 -10.095206
0.279978 -0.959889 0.015042 -6.983767 0.957989 0.280370 0.060404 172.291656 -0.062198 -0.002501 0.998060 -10.129142
0.306465 -0.951783 0.013749 -6.851632 0.949881 0.306724 0.060375 172.843063 -0.061681 -0.005442 0.998080 -10.163770
0.331702 -0.943299 0.012709 -6.654874 0.941330 0.331838 0.061491 173.375046 -0.062222 -0.008433 0.998026 -10.198976
0.358743 -0.933353 0.012495 -6.471695 0.931344 0.358801 0.062122 173.905380 -0.062465 -0.010648 0.997990 -10.233827
0.386182 -0.922333 0.012913 -6.272188 0.920292 0.386202 0.062531 174.428650 -0.062661 -0.012265 0.997959 -10.269247
0.413783 -0.910265 0.014185 -6.059690 0.908191 0.413818 0.062797 174.946487 -0.063032 -0.013102 0.997925 -10.303988
0.441834 -0.896966 0.015317 -5.853057 0.894802 0.441860 0.063949 175.462509 -0.064128 -0.014549 0.997835 -10.337932
0.470096 -0.882464 0.016273 -5.639331 0.880184 0.470090 0.065515 175.974365 -0.065465 -0.016475 0.997718 -10.371851
0.498564 -0.866684 0.017087 -5.417913 0.864339 0.498522 0.066277 176.482025 -0.065959 -0.018275 0.997655 -10.407159
0.527409 -0.849442 0.016980 -5.172938 0.847093 0.527277 0.066415 176.984467 -0.065369 -0.020645 0.997647 -10.440395
0.556803 -0.830478 0.016688 -4.908360 0.828137 0.556569 0.066479 177.479813 -0.064497 -0.023196 0.997647 -10.473857
0.585843 -0.810273 0.015698 -4.626468 0.807922 0.585445 0.067191 177.968185 -0.063633 -0.026681 0.997616 -10.507784
0.614198 -0.789011 0.014903 -4.327308 0.786635 0.613636 0.068218 178.449448 -0.062970 -0.030177 0.997558 -10.541677
0.642687 -0.766002 0.013929 -4.002602 0.763703 0.641992 0.067853 178.903137 -0.060918 -0.032971 0.997598 -10.585501
0.669808 -0.742422 0.012952 -3.643194 0.740168 0.668963 0.068098 179.338791 -0.059221 -0.036026 0.997594 -10.629616
0.695852 -0.718079 0.012372 -3.266292 0.715864 0.694882 0.068389 179.765884 -0.057705 -0.038731 0.997581 -10.671567
0.720964 -0.692859 0.012507 -2.876940 0.690693 0.719939 0.068052 180.185074 -0.056155 -0.040425 0.997603 -10.711491
0.744969 -0.666996 0.011784 -2.469308 0.664896 0.743826 0.068085 180.563293 -0.054178 -0.042886 0.997609 -10.750997
0.768500 -0.639745 0.011593 -2.044242 0.637650 0.767232 0.068973 180.920715 -0.053020 -0.045614 0.997550 -10.788663
0.790947 -0.611771 0.011782 -1.611594 0.609676 0.789580 0.069708 181.271530 -0.051948 -0.047952 0.997497 -10.825768
0.812357 -0.583031 0.012322 -1.172315 0.580955 0.810939 0.069776 181.615097 -0.050674 -0.049524 0.997486 -10.862286
0.832476 -0.553909 0.012978 -0.725503 0.551830 0.830996 0.070213 181.952057 -0.049676 -0.051289 0.997447 -10.898478
0.851228 -0.524638 0.012928 -0.272868 0.522554 0.849606 0.071463 182.281952 -0.048476 -0.054076 0.997359 -10.935010
0.868785 -0.495019 0.012993 0.186731 0.492975 0.867080 0.071731 182.604980 -0.046774 -0.055914 0.997339 -10.971214
0.884912 -0.465576 0.013052 0.653020 0.463623 0.883188 0.070938 182.926041 -0.044554 -0.056724 0.997395 -11.005804
0.898740 -0.438276 0.013413 1.159502 0.436422 0.897062 0.069389 183.199127 -0.042444 -0.056509 0.997499 -11.038193
0.911519 -0.411018 0.014001 1.687612 0.409202 0.909839 0.068894 183.457687 -0.041055 -0.057069 0.997525 -11.067121
0.923128 -0.384248 0.013681 2.227182 0.382509 0.921396 0.068680 183.706436 -0.038996 -0.058168 0.997544 -11.094561
0.933617 -0.358036 0.013061 2.776137 0.356351 0.931761 0.069530 183.946915 -0.037064 -0.060259 0.997494 -11.121062
0.943258 -0.331793 0.013265 3.333591 0.330120 0.941311 0.070378 184.178909 -0.035837 -0.062005 0.997432 -11.146207
0.952517 -0.304193 0.013335 3.899663 0.302631 0.950634 0.068623 184.387970 -0.033551 -0.061330 0.997553 -11.172797
0.960683 -0.277218 0.015428 4.479120 0.275606 0.958872 0.067854 184.580566 -0.033604 -0.060934 0.997575 -11.178141
0.967943 -0.250581 0.017177 5.063973 0.248941 0.966199 0.066981 184.766724 -0.033381 -0.060557 0.997606 -11.183011
0.974407 -0.223996 0.018908 5.655460 0.222261 0.972605 0.068118 184.947617 -0.033647 -0.062172 0.997498 -11.188321
0.979972 -0.198120 0.020070 6.252208 0.196329 0.978105 0.069022 185.121185 -0.033305 -0.063700 0.997413 -11.193732
0.984732 -0.172802 0.021073 6.854257 0.170968 0.982798 0.069839 185.289825 -0.032778 -0.065170 0.997335 -11.198974
0.988815 -0.147555 0.021739 7.472733 0.145725 0.986851 0.069921 185.447647 -0.031770 -0.065971 0.997316 -11.208387
0.992395 -0.121374 0.020528 8.110765 0.119666 0.990319 0.070341 185.565918 -0.028866 -0.067350 0.997311 -11.227574
0.995135 -0.096608 0.019290 8.768840 0.094982 0.992843 0.072389 185.664352 -0.026145 -0.070205 0.997190 -11.255427
0.997177 -0.072559 0.019338 9.439568 0.070965 0.994787 0.073231 185.750244 -0.024550 -0.071652 0.997127 -11.280955
0.998542 -0.050109 0.020070 10.120320 0.048520 0.996146 0.073055 185.824310 -0.023653 -0.071975 0.997125 -11.303984
0.999336 -0.029478 0.021418 10.809902 0.027882 0.997058 0.071390 185.886780 -0.023459 -0.070745 0.997218 -11.323727
0.999703 -0.010219 0.022108 11.500482 0.008608 0.997386 0.071743 185.943192 -0.022784 -0.071532 0.997178 -11.343543
0.999727 0.007196 0.022213 12.194798 -0.008770 0.997393 0.071631 185.993393 -0.021639 -0.071807 0.997184 -11.363092
0.999508 0.021802 0.022570 12.893110 -0.023323 0.997306 0.069536 186.037048 -0.020993 -0.070027 0.997324 -11.381591
0.999164 0.033746 0.023081 13.594825 -0.035205 0.997196 0.066039 186.076004 -0.020788 -0.066797 0.997550 -11.399804
0.998818 0.042454 0.023674 14.307215 -0.043872 0.997050 0.062980 186.106506 -0.020930 -0.063944 0.997734 -11.416048
0.998521 0.048192 0.025167 15.027165 -0.049630 0.996961 0.060049 186.128357 -0.022197 -0.061209 0.997877 -11.431781
0.998287 0.051758 0.027299 15.752593 -0.053258 0.996928 0.057417 186.145020 -0.024244 -0.058773 0.997977 -11.447545
0.998114 0.053895 0.029403 16.483334 -0.055469 0.996909 0.055645 186.158417 -0.026313 -0.057171 0.998017 -11.463243
0.997987 0.055336 0.030988 17.218534 -0.056937 0.996948 0.053419 186.169098 -0.027937 -0.055076 0.998090 -11.479245
0.997951 0.055951 0.031042 17.956957 -0.057523 0.996972 0.052310 186.177734 -0.028021 -0.053988 0.998148 -11.497432
0.997991 0.055869 0.029904 18.697775 -0.057357 0.997027 0.051433 186.185059 -0.026941 -0.053046 0.998228 -11.517193
0.998086 0.054875 0.028524 19.468613 -0.056248 0.997173 0.049806 186.158066 -0.025709 -0.051315 0.998351 -11.532049
0.998204 0.053361 0.027209 20.244827 -0.054634 0.997331 0.048415 186.127609 -0.024554 -0.049815 0.998456 -11.546454
0.998306 0.051713 0.026640 21.024006 -0.052940 0.997462 0.047618 186.096909 -0.024111 -0.048948 0.998510 -11.559475
0.998368 0.050211 0.027204 21.764488 -0.051499 0.997473 0.048935 186.074280 -0.024679 -0.050255 0.998431 -11.568789
0.998462 0.048214 0.027389 22.502361 -0.049537 0.997528 0.049845 186.041138 -0.024918 -0.051126 0.998380 -11.575693
0.998543 0.046081 0.028069 23.242281 -0.047452 0.997605 0.050322 186.013580 -0.025682 -0.051580 0.998338 -11.583534
0.998594 0.044056 0.029480 23.982954 -0.045518 0.997664 0.050931 185.991348 -0.027167 -0.052201 0.998267 -11.591892
0.998616 0.042765 0.030601 24.713531 -0.044274 0.997742 0.050487 185.974609 -0.028373 -0.051773 0.998255 -11.612376
0.998677 0.040804 0.031307 25.440870 -0.042337 0.997853 0.049959 185.960449 -0.029201 -0.051219 0.998260 -11.636671
0.998764 0.038758 0.031116 26.168020 -0.040268 0.997962 0.049487 185.948639 -0.029134 -0.050679 0.998289 -11.661505
0.998839 0.037044 0.030783 26.896086 -0.038532 0.998043 0.049240 185.939209 -0.028899 -0.050368 0.998312 -11.686692
0.998890 0.035998 0.030368 27.624674 -0.037452 0.998108 0.048753 185.932220 -0.028555 -0.049836 0.998349 -11.711592
0.998916 0.035233 0.030444 28.345118 -0.036660 0.998188 0.047700 185.922668 -0.028707 -0.048765 0.998397 -11.736045
0.998883 0.035683 0.030977 29.055155 -0.037088 0.998250 0.046061 185.904144 -0.029279 -0.047159 0.998457 -11.746190
0.998910 0.035514 0.030287 29.771097 -0.036868 0.998287 0.045412 185.887039 -0.028622 -0.046479 0.998509 -11.755337
0.998939 0.035846 0.028896 30.488567 -0.037149 0.998255 0.045900 185.870972 -0.027199 -0.046926 0.998528 -11.765658
0.998906 0.037353 0.028139 31.205927 -0.038634 0.998173 0.046441 185.855637 -0.026353 -0.047477 0.998524 -11.776318
0.998788 0.040979 0.027273 31.913742 -0.042230 0.998002 0.046988 185.839798 -0.025294 -0.048083 0.998523 -11.792636
0.998610 0.045090 0.027290 32.615791 -0.046361 0.997775 0.047898 185.823105 -0.025071 -0.049097 0.998478 -11.810396
0.998164 0.053707 0.028011 33.333023 -0.055041 0.997269 0.049242 185.822342 -0.025290 -0.050694 0.998393 -11.832463
0.997608 0.062959 0.028567 34.058849 -0.064372 0.996590 0.051606 185.826263 -0.025221 -0.053322 0.998258 -11.856807
0.996484 0.078434 0.029434 34.731697 -0.079920 0.995376 0.053276 185.802429 -0.025119 -0.055440 0.998146 -11.870765
0.995058 0.094569 0.030294 35.390926 -0.096121 0.993866 0.054695 185.765671 -0.024935 -0.057337 0.998043 -11.880324
0.993032 0.113928 0.030130 36.049614 -0.115483 0.991716 0.056236 185.718903 -0.023472 -0.059324 0.997963 -11.890316
0.990250 0.136292 0.028823 36.707130 -0.137785 0.988735 0.058449 185.661652 -0.020532 -0.061851 0.997873 -11.900578
0.986426 0.161960 0.027075 37.363892 -0.163334 0.984735 0.060156 185.593185 -0.016919 -0.063762 0.997822 -11.909979
0.981391 0.190366 0.025134 38.017109 -0.191580 0.979562 0.061270 185.511581 -0.012956 -0.064944 0.997804 -11.918427
0.975073 0.220679 0.023129 38.667038 -0.221710 0.973150 0.061828 185.415024 -0.008863 -0.065415 0.997819 -11.926421
0.967471 0.252079 0.021367 39.336163 -0.252934 0.965496 0.061986 185.289459 -0.005004 -0.065374 0.997848 -11.930603
0.958228 0.285250 0.020738 39.980469 -0.285996 0.956215 0.062124 185.158875 -0.002109 -0.065460 0.997852 -11.933393
0.947797 0.318250 0.019975 40.639950 -0.318877 0.945866 0.060458 184.989487 0.000347 -0.063671 0.997971 -11.931792
0.935879 0.351766 0.019775 41.271744 -0.352316 0.934120 0.057377 184.815384 0.001712 -0.060664 0.998156 -11.930068
0.922575 0.385237 0.021162 41.913776 -0.385813 0.920937 0.054968 184.597000 0.001686 -0.058877 0.998263 -11.925900
0.907861 0.418543 0.024710 42.534817 -0.419271 0.906336 0.052585 184.380554 -0.000386 -0.058099 0.998311 -11.922727
0.892044 0.451149 0.026877 43.149094 -0.451942 0.890745 0.048163 184.144867 -0.002212 -0.055110 0.998477 -11.917387
0.875140 0.483123 0.026861 43.756062 -0.483862 0.874055 0.043638 183.889664 -0.002395 -0.051186 0.998686 -11.911469
0.856865 0.514826 0.027103 44.364571 -0.515538 0.855798 0.042768 183.576126 -0.001176 -0.050619 0.998716 -11.905750
0.837091 0.546403 0.026883 44.965767 -0.547061 0.835922 0.044249 183.237274 0.001705 -0.051747 0.998659 -11.905429
0.816405 0.576889 0.026117 45.554928 -0.577461 0.815179 0.044951 182.871368 0.004642 -0.051780 0.998648 -11.906170
0.794649 0.606523 0.025736 46.131001 -0.607042 0.793508 0.042936 182.514053 0.005620 -0.049742 0.998746 -11.904422
0.771288 0.635930 0.026582 46.696712 -0.636462 0.770226 0.040824 182.102997 0.005487 -0.048406 0.998813 -11.897845
0.746741 0.664521 0.028087 47.250923 -0.665091 0.745696 0.039884 181.670197 0.005560 -0.048463 0.998809 -11.889447
0.721331 0.691979 0.029098 47.792572 -0.692560 0.720267 0.039684 181.244171 0.006502 -0.048777 0.998788 -11.882127
0.694787 0.718668 0.028054 48.322735 -0.719162 0.693729 0.039313 180.800873 0.008792 -0.047490 0.998833 -11.876060
0.667235 0.744403 0.025741 48.839851 -0.744747 0.666181 0.039413 180.339890 0.012191 -0.045467 0.998891 -11.870911
0.638842 0.768987 0.023233 49.342865 -0.769183 0.637816 0.039352 179.861008 0.015442 -0.043009 0.998955 -11.864595
0.610004 0.792110 0.021361 49.831085 -0.792192 0.609010 0.039211 179.365601 0.018051 -0.040840 0.999002 -11.855842
0.580880 0.813745 0.019920 50.304836 -0.813744 0.579933 0.038693 178.852905 0.019934 -0.038685 0.999053 -11.844428
0.551412 0.834028 0.018479 50.733971 -0.833978 0.550562 0.036875 178.280380 0.020581 -0.035744 0.999149 -11.828316
0.521883 0.852852 0.016746 51.139767 -0.852750 0.521129 0.035224 177.687881 0.021315 -0.032662 0.999239 -11.810737
0.492846 0.869986 0.015059 51.549587 -0.869827 0.492163 0.034290 177.111816 0.022420 -0.029998 0.999298 -11.794761
0.464373 0.885530 0.013976 51.943981 -0.885336 0.463742 0.033502 176.522552 0.023186 -0.027930 0.999340 -11.777705
0.436780 0.899482 0.012473 52.323605 -0.899234 0.436197 0.033321 175.920471 0.024531 -0.025769 0.999367 -11.760848
0.410581 0.911760 0.010808 52.687344 -0.911440 0.410035 0.033868 175.305527 0.026448 -0.023756 0.999367 -11.743976
0.385295 0.922749 0.009073 53.035698 -0.922368 0.384801 0.034120 174.678223 0.027993 -0.021515 0.999376 -11.725838
0.361071 0.932508 0.007572 53.370636 -0.932060 0.360613 0.034961 174.038559 0.029871 -0.019681 0.999360 -11.707011
0.338228 0.941041 0.006507 53.692158 -0.940500 0.337779 0.036949 173.386841 0.032573 -0.018617 0.999296 -11.687693
0.316503 0.948574 0.005877 54.000549 -0.947924 0.316042 0.039456 172.722961 0.035570 -0.018058 0.999204 -11.666783
0.295674 0.955268 0.006241 54.250488 -0.954493 0.295155 0.042743 172.010254 0.038989 -0.018595 0.999066 -11.642367
0.275795 0.961198 0.006010 54.487534 -0.960312 0.275260 0.045060 171.284180 0.041657 -0.018199 0.998966 -11.615787
0.257910 0.966157 0.004802 54.709648 -0.965241 0.257442 0.045089 170.557266 0.042328 -0.016264 0.998971 -11.584946
0.243207 0.969965 0.004290 54.952496 -0.969092 0.242796 0.043710 169.832458 0.041356 -0.014788 0.999035 -11.553607
0.231251 0.972887 0.003600 55.185741 -0.972056 0.230897 0.042337 169.098129 0.040358 -0.013289 0.999096 -11.520934
0.221407 0.975173 0.004059 55.412521 -0.974375 0.221054 0.041564 168.354813 0.039635 -0.013157 0.999127 -11.488636
0.212849 0.977066 0.006139 55.634346 -0.976288 0.212417 0.041724 167.600616 0.039463 -0.014874 0.999110 -11.458216
0.204364 0.978856 0.008792 55.851547 -0.978114 0.203834 0.041767 166.836273 0.039092 -0.017135 0.999088 -11.428035
0.195675 0.980594 0.012068 56.064770 -0.979945 0.195043 0.040803 166.060669 0.037657 -0.019811 0.999094 -11.397231
0.186442 0.982333 0.016131 56.274582 -0.981800 0.185687 0.039858 165.272919 0.036159 -0.023268 0.999075 -11.366425
0.176090 0.984149 0.021082 56.479004 -0.983754 0.175180 0.039214 164.474701 0.034900 -0.027644 0.999008 -11.335921
0.163976 0.986126 0.025849 56.647305 -0.985881 0.162922 0.038656 163.644531 0.033908 -0.031822 0.998918 -11.305429
0.150722 0.988162 0.028642 56.831558 -0.988002 0.149585 0.038402 162.818848 0.033663 -0.034086 0.998852 -11.276641
0.137113 0.990115 0.029534 56.992325 -0.989953 0.135930 0.038924 161.969559 0.034525 -0.034575 0.998805 -11.246730
0.123838 0.991892 0.028563 57.153046 -0.991612 0.122627 0.040828 161.126999 0.036993 -0.033380 0.998758 -11.216080
0.111013 0.993458 0.026790 57.303066 -0.992982 0.109774 0.043995 160.281967 0.040768 -0.031486 0.998672 -11.185193
0.098658 0.994831 0.024065 57.442135 -0.994174 0.097481 0.045972 159.431839 0.043389 -0.028460 0.998653 -11.151619
0.088427 0.995847 0.021666 57.512207 -0.995218 0.087424 0.043558 158.580566 0.041483 -0.025414 0.998815 -11.112883
0.077623 0.996790 0.019586 57.592197 -0.996280 0.076816 0.039031 157.753204 0.037401 -0.022542 0.999046 -11.067529
0.069282 0.997463 0.016338 57.663544 -0.996994 0.068661 0.035894 156.909027 0.034681 -0.018775 0.999221 -11.023769
0.062252 0.997967 0.013633 57.735924 -0.997493 0.061750 0.034565 156.056900 0.033653 -0.015751 0.999309 -10.984217
0.056923 0.998333 0.009549 57.814758 -0.997802 0.056563 0.034491 155.206390 0.033894 -0.011492 0.999359 -10.948358
0.053668 0.998533 0.007213 57.891308 -0.997941 0.053380 0.035543 154.351532 0.035105 -0.009105 0.999342 -10.914281
0.052209 0.998616 0.006371 57.968155 -0.997933 0.051933 0.037825 153.492722 0.037441 -0.008333 0.999264 -10.878918
0.052326 0.998619 0.004553 58.048241 -0.997756 0.052088 0.042054 152.629074 0.041758 -0.006743 0.999105 -10.844475
0.053742 0.998553 0.002267 58.126949 -0.997494 0.053581 0.046179 151.759689 0.045990 -0.004743 0.998930 -10.809825
0.055873 0.998438 0.000662 58.205555 -0.997325 0.055780 0.047211 150.885849 0.047101 -0.003297 0.998884 -10.770971
0.059023 0.998256 0.001136 58.286041 -0.997263 0.058914 0.044656 150.008514 0.044511 -0.003769 0.999001 -10.727908
0.062774 0.998027 -0.000730 58.367046 -0.997179 0.062752 0.041166 149.127487 0.041132 -0.001856 0.999152 -10.683007
0.067132 0.997735 -0.004188 58.448029 -0.996959 0.067246 0.039364 148.243378 0.039557 0.001532 0.999216 -10.640089
0.071925 0.997388 -0.006626 58.531223 -0.996619 0.072132 0.039324 147.357040 0.039699 0.003775 0.999204 -10.599849
0.076671 0.997028 -0.007493 58.618832 -0.996238 0.076910 0.039931 146.467072 0.040389 0.004403 0.999174 -10.559567
0.081471 0.996647 -0.007615 58.709942 -0.995830 0.081715 0.040539 145.575485 0.041026 0.004280 0.999148 -10.519316
0.086094 0.996257 -0.007740 58.805058 -0.995449 0.086338 0.040335 144.680008 0.040852 0.004232 0.999156 -10.478660
0.090779 0.995846 -0.007084 58.903698 -0.995090 0.090987 0.038924 143.781708 0.039407 0.003515 0.999216 -10.436939
0.095351 0.995427 -0.005859 59.005943 -0.994713 0.095505 0.037752 142.880692 0.038138 0.002228 0.999269 -10.395526
0.099672 0.995010 -0.004734 59.111767 -0.994283 0.099781 0.037991 141.977676 0.038274 0.000921 0.999266 -10.355268
0.103311 0.994637 -0.004896 59.221069 -0.993860 0.103424 0.039305 141.072525 0.039600 0.000805 0.999215 -10.315723
0.105950 0.994361 -0.004650 59.332558 -0.993506 0.106052 0.041217 140.165527 0.041477 0.000254 0.999139 -10.276661
0.107589 0.994192 -0.002436 59.447701 -0.993296 0.107595 0.042262 139.256668 0.042279 -0.002126 0.999104 -10.236479
0.108278 0.994120 0.000705 59.565029 -0.993254 0.108155 0.041825 138.345688 0.041504 -0.005229 0.999124 -10.194343
0.108486 0.994093 0.003405 59.682232 -0.993302 0.108262 0.040356 137.432251 0.039749 -0.007760 0.999179 -10.150711
0.107379 0.994199 0.006143 59.799179 -0.993479 0.107059 0.039218 136.516464 0.038332 -0.010313 0.999211 -10.114352
0.105381 0.994397 0.008374 59.920818 -0.993685 0.104973 0.039624 135.595657 0.038523 -0.012497 0.999179 -10.082043
0.103611 0.994559 0.010782 60.042046 -0.993851 0.103099 0.040372 134.674194 0.039041 -0.014900 0.999126 -10.048793
0.101634 0.994738 0.012955 60.158745 -0.994013 0.101018 0.041616 133.750595 0.040088 -0.017108 0.999049 -10.014257
0.099802 0.994907 0.014159 60.271351 -0.994200 0.099137 0.041680 132.825928 0.040063 -0.018237 0.999030 -9.976979
0.098280 0.995050 0.014719 60.379955 -0.994412 0.097623 0.040159 131.900391 0.038523 -0.018583 0.999085 -9.936227
0.096928 0.995172 0.015358 60.485703 -0.994606 0.096278 0.038579 130.975052 0.036915 -0.019015 0.999137 -9.893620
0.095632 0.995278 0.016624 60.588894 -0.994763 0.094951 0.037812 130.050278 0.036054 -0.020153 0.999146 -9.851598
0.094771 0.995359 0.016728 60.678474 -0.994835 0.094081 0.038087 129.128479 0.036338 -0.020251 0.999134 -9.823488
0.093757 0.995446 0.017234 60.764858 -0.994949 0.093059 0.037616 128.204926 0.035842 -0.020673 0.999143 -9.796478
0.092833 0.995532 0.017261 60.852039 -0.995061 0.092149 0.036905 127.281281 0.035149 -0.020601 0.999169 -9.766008
0.091767 0.995622 0.017790 60.941418 -0.995221 0.091103 0.035137 126.356522 0.033363 -0.020929 0.999224 -9.733807
0.090758 0.995714 0.017780 61.031235 -0.995401 0.090153 0.032368 125.431664 0.030627 -0.020636 0.999317 -9.699756
0.089618 0.995844 0.016200 61.127037 -0.995517 0.089071 0.031799 124.512497 0.030225 -0.018977 0.999363 -9.663504
0.088898 0.995922 0.015381 61.224476 -0.995521 0.088342 0.033661 123.594902 0.032165 -0.018305 0.999315 -9.628993
0.088223 0.995969 0.016221 61.321445 -0.995444 0.087563 0.037733 122.678139 0.036160 -0.019476 0.999156 -9.595988
0.087418 0.996040 0.016210 61.420849 -0.995432 0.086715 0.039923 121.768707 0.038359 -0.019625 0.999070 -9.556974
0.087204 0.996064 0.015870 61.517315 -0.995407 0.086493 0.041025 120.860756 0.039492 -0.019375 0.999032 -9.512860
0.087269 0.996032 0.017454 61.610245 -0.995376 0.086479 0.041797 119.952278 0.040123 -0.021021 0.998974 -9.467432
0.086938 0.996011 0.020125 61.707706 -0.995374 0.086018 0.042793 119.045189 0.040891 -0.023752 0.998881 -9.425845
0.087067 0.995951 0.022382 61.796371 -0.995367 0.086054 0.042863 118.152374 0.040764 -0.026010 0.998830 -9.383617
0.085371 0.996100 0.022310 61.908630 -0.995507 0.084357 0.042996 117.265549 0.040947 -0.025880 0.998826 -9.343691
0.085582 0.996075 0.022556 62.025265 -0.995488 0.084558 0.043043 116.375633 0.040966 -0.026137 0.998818 -9.303576
0.086057 0.996127 0.017998 62.094749 -0.995394 0.085200 0.043931 115.492485 0.042228 -0.021696 0.998872 -9.262234
0.086062 0.996109 0.018993 62.185917 -0.995397 0.085163 0.043937 114.617149 0.042149 -0.022687 0.998853 -9.219538
0.086377 0.996074 0.019421 62.278099 -0.995335 0.085440 0.044788 113.743477 0.042954 -0.023199 0.998807 -9.177185
0.086576 0.996046 0.019929 62.370029 -0.995194 0.085549 0.047638 112.871307 0.045745 -0.023958 0.998665 -9.135845
0.086552 0.996024 0.021094 62.464664 -0.995188 0.085465 0.047922 112.000549 0.045929 -0.025141 0.998627 -9.091072
0.086403 0.996006 0.022494 62.556400 -0.995185 0.085240 0.048377 111.128166 0.046267 -0.026565 0.998576 -9.047830
0.086292 0.995946 0.025403 62.644081 -0.995315 0.085065 0.045937 110.253410 0.043591 -0.029248 0.998621 -9.001200
0.086046 0.996014 0.023509 62.731670 -0.995452 0.084981 0.043040 109.374207 0.040871 -0.027104 0.998796 -8.959154
0.086445 0.996001 0.022581 62.814617 -0.995451 0.085442 0.042142 108.492867 0.040045 -0.026121 0.998856 -8.921993
0.086461 0.996044 0.020516 62.893993 -0.995425 0.085532 0.042567 107.612091 0.040645 -0.024102 0.998883 -8.884305
0.086087 0.996101 0.019267 62.972179 -0.995469 0.085217 0.042169 106.732018 0.040363 -0.022810 0.998925 -8.843496
0.084946 0.996215 0.018412 63.058224 -0.995523 0.084090 0.043147 105.854706 0.041436 -0.021994 0.998899 -8.806037
0.083176 0.996369 0.018217 63.146297 -0.995625 0.082305 0.044225 104.976982 0.042566 -0.021816 0.998855 -8.763006
0.081575 0.996504 0.018063 63.229340 -0.995675 0.080673 0.046070 104.098701 0.044452 -0.021743 0.998775 -8.719124
0.079360 0.996708 0.016571 63.318321 -0.995728 0.078473 0.048640 103.222984 0.047180 -0.020361 0.998679 -8.678508
0.077669 0.996881 0.013963 63.390587 -0.995754 0.076872 0.050625 102.341896 0.049393 -0.017835 0.998620 -8.633179
0.076402 0.997005 0.011998 63.458725 -0.995874 0.075714 0.050016 101.463326 0.048958 -0.015769 0.998676 -8.596967
0.075401 0.997100 0.010327 63.526272 -0.996046 0.074825 0.047896 100.583778 0.046985 -0.013898 0.998799 -8.559071
0.073613 0.997250 0.008470 63.608383 -0.996276 0.073154 0.045609 99.698761 0.044864 -0.011796 0.998923 -8.518800
0.072582 0.997322 0.008936 63.678844 -0.996397 0.072115 0.044629 98.808037 0.043867 -0.012143 0.998963 -8.480110
0.071434 0.997418 0.007495 63.755676 -0.996495 0.071036 0.044149 97.912445 0.043504 -0.010622 0.998996 -8.438507
0.070596 0.997491 0.005390 63.834824 -0.996513 0.070285 0.044955 97.010757 0.044463 -0.008544 0.998974 -8.400850
0.070378 0.997513 0.003881 63.913586 -0.996482 0.070127 0.045879 96.107216 0.045493 -0.007096 0.998939 -8.364149
0.070233 0.997524 0.003766 63.990105 -0.996512 0.069991 0.045417 95.200142 0.045041 -0.006943 0.998960 -8.320563
0.070244 0.997520 0.004397 64.068405 -0.996524 0.069974 0.045207 94.292412 0.044788 -0.007557 0.998967 -8.282474
0.070368 0.997511 0.004397 64.146805 -0.996505 0.070097 0.045438 93.383812 0.045017 -0.007579 0.998957 -8.243923
0.070823 0.997472 0.005760 64.225510 -0.996378 0.070471 0.047573 92.475578 0.047047 -0.009108 0.998850 -8.207563
0.070293 0.997507 0.006193 64.315384 -0.996329 0.069903 0.049410 91.565804 0.048854 -0.009644 0.998759 -8.172417
0.071703 0.997402 0.007030 64.384392 -0.996281 0.071282 0.048401 90.652458 0.047774 -0.010474 0.998803 -8.129055
0.073114 0.997291 0.008120 64.450806 -0.996324 0.072675 0.045358 89.720345 0.044646 -0.011406 0.998937 -8.080414
0.074236 0.997190 0.010098 64.514229 -0.996387 0.073749 0.042125 88.816742 0.041262 -0.013189 0.999061 -8.032240
0.075272 0.997100 0.011205 64.578178 -0.996365 0.074759 0.040823 87.896523 0.039868 -0.014237 0.999103 -7.985350
0.075035 0.997104 0.012410 64.664688 -0.996336 0.074454 0.042064 86.985268 0.041018 -0.015521 0.999037 -7.941272
0.075825 0.997029 0.013571 64.735847 -0.996222 0.075172 0.043471 86.066711 0.042322 -0.016816 0.998962 -7.896091
0.076275 0.996981 0.014554 64.804016 -0.996147 0.075562 0.044509 85.145882 0.043275 -0.017893 0.998902 -7.852179
0.076405 0.996952 0.015760 64.871246 -0.996123 0.075632 0.044934 84.221046 0.043606 -0.019132 0.998865 -7.808595
0.075650 0.997007 0.015988 64.947891 -0.996240 0.074894 0.043534 83.291367 0.042206 -0.019221 0.998924 -7.765739
0.074981 0.997046 0.016657 65.018082 -0.996373 0.074235 0.041598 82.364288 0.040239 -0.019716 0.998996 -7.724988
0.073967 0.997110 0.017343 65.090385 -0.996538 0.073241 0.039333 81.433487 0.037949 -0.020192 0.999075 -7.679492
0.072893 0.997181 0.017792 65.168671 -0.996657 0.072172 0.038292 80.501907 0.036901 -0.020524 0.999108 -7.635580
0.072393 0.997217 0.017820 65.241112 -0.996689 0.071668 0.038397 79.568130 0.037013 -0.020541 0.999103 -7.594341
0.071601 0.997282 0.017356 65.308846 -0.996720 0.070882 0.039041 78.634720 0.037706 -0.020094 0.999086 -7.554390
0.071005 0.997336 0.016667 65.376747 -0.996754 0.070309 0.039188 77.694534 0.037912 -0.019396 0.999092 -7.521688
0.069770 0.997423 0.016695 65.453209 -0.996871 0.069089 0.038377 76.756310 0.037124 -0.019320 0.999123 -7.481222
0.068514 0.997516 0.016359 65.526527 -0.996994 0.067865 0.037378 75.822136 0.036175 -0.018871 0.999167 -7.437636
0.067863 0.997550 0.017039 65.593498 -0.997036 0.067188 0.037493 74.888321 0.036257 -0.019532 0.999151 -7.395214
0.066782 0.997616 0.017394 65.665504 -0.997041 0.066059 0.039297 73.954895 0.038055 -0.019967 0.999076 -7.352648
0.065741 0.997659 0.018836 65.742332 -0.997007 0.064905 0.041991 73.019600 0.040670 -0.021540 0.998940 -7.315979
0.065074 0.997701 0.018893 65.800980 -0.997001 0.064211 0.043206 72.095291 0.041894 -0.021648 0.998887 -7.269330
0.064598 0.997722 0.019482 65.847717 -0.996992 0.063689 0.044150 71.179413 0.042809 -0.022275 0.998834 -7.211465
0.063136 0.997786 0.020910 65.921425 -0.997032 0.062138 0.045438 70.259041 0.044038 -0.023716 0.998748 -7.165802
0.062315 0.997814 0.021998 65.998238 -0.997034 0.061239 0.046606 69.334633 0.045157 -0.024837 0.998671 -7.126151
0.061602 0.997885 0.020724 66.060410 -0.997087 0.060591 0.046322 68.412590 0.044968 -0.023517 0.998711 -7.080877
0.061103 0.997932 0.019968 66.115967 -0.997148 0.060143 0.045571 67.492401 0.044276 -0.022695 0.998761 -7.031931
0.060196 0.998004 0.019057 66.178467 -0.997215 0.059285 0.045253 66.578094 0.044033 -0.021728 0.998793 -6.984356
0.060036 0.998041 0.017637 66.236443 -0.997246 0.059200 0.044663 65.665039 0.043532 -0.020270 0.998846 -6.935853
0.059731 0.998087 0.015958 66.301376 -0.997290 0.058980 0.043957 64.754494 0.042932 -0.018540 0.998906 -6.889165
0.059419 0.998129 0.014398 66.349586 -0.997291 0.058731 0.044282 63.844730 0.043354 -0.016991 0.998915 -6.839409
0.059160 0.998168 0.012690 66.409950 -0.997277 0.058537 0.044842 62.936199 0.044017 -0.015307 0.998913 -6.793498
0.059076 0.998182 0.011972 66.455154 -0.997272 0.058482 0.045033 62.029850 0.044251 -0.014600 0.998913 -6.744690
0.058789 0.998204 0.011548 66.513237 -0.997343 0.058232 0.043765 61.124683 0.043014 -0.014090 0.998975 -6.697379
0.058107 0.998267 0.009353 66.574974 -0.997446 0.057666 0.042132 60.231113 0.041520 -0.011777 0.999067 -6.648841
0.057810 0.998298 0.007649 66.636520 -0.997491 0.057446 0.041363 59.338810 0.040853 -0.010020 0.999115 -6.601203
0.057564 0.998319 0.006748 66.697906 -0.997468 0.057229 0.042208 58.448948 0.041752 -0.009160 0.999086 -6.554698
0.057442 0.998331 0.005957 66.758980 -0.997421 0.057131 0.043425 57.559189 0.043012 -0.008436 0.999038 -6.508365
0.057378 0.998340 0.005099 66.819557 -0.997391 0.057098 0.044166 56.670532 0.043802 -0.007620 0.999011 -6.461441
0.057127 0.998358 0.004190 66.880203 -0.997417 0.056889 0.043845 55.784134 0.043535 -0.006683 0.999030 -6.413702
0.056797 0.998377 0.004276 66.940903 -0.997450 0.056558 0.043524 54.897987 0.043212 -0.006737 0.999043 -6.366275
0.056458 0.998395 0.004491 67.001343 -0.997470 0.056211 0.043515 54.014126 0.043192 -0.006935 0.999042 -6.319125
0.056141 0.998416 0.003654 67.060822 -0.997480 0.055929 0.043641 53.130394 0.043367 -0.006094 0.999040 -6.272140
0.056012 0.998429 0.001336 67.119308 -0.997499 0.055902 0.043235 52.247375 0.043092 -0.003753 0.999064 -6.224667
0.055870 0.998438 -0.000045 67.157768 -0.997547 0.055822 0.042234 51.368336 0.042170 -0.002314 0.999107 -6.181631
0.055977 0.998431 -0.001554 67.197281 -0.997591 0.055993 0.040939 50.495022 0.040961 -0.000741 0.999160 -6.137889
0.055525 0.998452 -0.003368 67.261711 -0.997591 0.055616 0.041444 49.620350 0.041568 0.001059 0.999135 -6.093968
0.055982 0.998432 -0.000728 67.317360 -0.997450 0.055960 0.044277 48.763042 0.044249 -0.001752 0.999019 -6.054173
0.056082 0.998425 -0.001712 67.370087 -0.997404 0.056102 0.045117 47.906303 0.045142 -0.000823 0.998980 -6.012664
0.056970 0.998363 -0.005090 67.416756 -0.997461 0.057135 0.042502 47.045025 0.042723 0.002657 0.999083 -5.968520
0.057184 0.998339 -0.006993 67.466393 -0.997694 0.057401 0.036192 46.181297 0.036535 0.004907 0.999320 -5.916625
0.057432 0.998314 -0.008493 67.515343 -0.997755 0.057689 0.033992 45.325363 0.034425 0.006522 0.999385 -5.869099
0.058847 0.998203 -0.011269 67.561218 -0.997504 0.059240 0.038413 44.464550 0.039012 0.008981 0.999198 -5.840569
0.060175 0.998109 -0.012532 67.618698 -0.997261 0.060655 0.042304 43.607037 0.042986 0.009952 0.999026 -5.818684
0.061553 0.998013 -0.013434 67.678192 -0.997208 0.062063 0.041507 42.753845 0.042259 0.010842 0.999048 -5.785686
0.062873 0.997905 -0.015228 67.734154 -0.997199 0.063434 0.039627 41.904579 0.040509 0.012694 0.999098 -5.744023
0.063820 0.997839 -0.015670 67.789680 -0.996993 0.064442 0.043020 41.059383 0.043937 0.012877 0.998951 -5.704634
0.064404 0.997796 -0.016005 67.844910 -0.996641 0.065125 0.049634 40.217484 0.050568 0.012755 0.998639 -5.668278
0.065568 0.997693 -0.017581 67.873276 -0.996451 0.066398 0.051726 39.393719 0.052774 0.014127 0.998506 -5.605284
0.066592 0.997566 -0.020662 67.926270 -0.996607 0.067503 0.047072 38.561039 0.048353 0.017457 0.998677 -5.552049
0.067168 0.997450 -0.024124 67.979294 -0.996842 0.068115 0.040833 37.731926 0.042371 0.021306 0.998874 -5.498067
0.067077 0.997398 -0.026412 68.036797 -0.996985 0.068037 0.037273 36.903625 0.038973 0.023833 0.998956 -5.451871
0.066738 0.997391 -0.027504 68.093201 -0.997065 0.067702 0.035730 36.074223 0.037500 0.025039 0.998982 -5.409288
0.065999 0.997436 -0.027669 68.148384 -0.997059 0.067005 0.037177 35.245770 0.038936 0.025135 0.998925 -5.370201
0.064779 0.997491 -0.028569 68.202278 -0.997016 0.065899 0.040180 34.419727 0.041962 0.025881 0.998784 -5.332746
0.063361 0.997564 -0.029190 68.255150 -0.996960 0.064598 0.043550 33.597149 0.045330 0.026342 0.998624 -5.295275
0.061997 0.997662 -0.028733 68.307495 -0.996933 0.063278 0.046043 32.776814 0.047753 0.025790 0.998526 -5.255179
0.060791 0.997766 -0.027716 68.359978 -0.996968 0.062046 0.046950 31.960936 0.048565 0.024777 0.998513 -5.211559
0.059989 0.997833 -0.027037 68.411926 -0.997072 0.061186 0.045862 31.149328 0.047417 0.024207 0.998581 -5.165462
0.059620 0.997875 -0.026284 68.462181 -0.997201 0.060728 0.043608 30.342184 0.045112 0.023611 0.998702 -5.119009
0.059266 0.997916 -0.025523 68.512245 -0.997350 0.060275 0.040730 29.539001 0.042183 0.023041 0.998844 -5.072552
0.059061 0.997909 -0.026248 68.565674 -0.997427 0.060062 0.039142 28.753551 0.040636 0.023868 0.998888 -5.030921
0.059136 0.997869 -0.027557 68.616089 -0.997454 0.060168 0.038266 27.978628 0.039842 0.025225 0.998888 -4.993937
0.059239 0.997833 -0.028608 68.666145 -0.997455 0.060307 0.038026 27.212078 0.039670 0.026283 0.998867 -4.957922
0.059384 0.997775 -0.030328 68.715179 -0.997473 0.060498 0.037240 26.454647 0.038992 0.028039 0.998846 -4.921535
0.059621 0.997733 -0.031239 68.763908 -0.997510 0.060731 0.035861 25.707972 0.037676 0.029024 0.998868 -4.885629
0.057493 0.997852 -0.031408 68.824890 -0.997686 0.058570 0.034514 25.034771 0.036280 0.029351 0.998910 -4.857397
0.057058 0.997885 -0.031161 68.885284 -0.997775 0.058075 0.032734 24.376024 0.034474 0.029224 0.998978 -4.830460
0.055139 0.997981 -0.031533 68.931839 -0.997852 0.056196 0.033665 23.756763 0.035369 0.029610 0.998935 -4.801640
0.053987 0.998055 -0.031169 68.977516 -0.997885 0.055057 0.034552 23.152456 0.036201 0.029238 0.998917 -4.774034
0.052500 0.998156 -0.030448 69.022423 -0.997917 0.053582 0.035894 22.563444 0.037460 0.028500 0.998892 -4.747464
0.050771 0.998297 -0.028736 69.059692 -0.997965 0.051824 0.037135 22.029823 0.038561 0.026791 0.998896 -4.720607
0.049288 0.998371 -0.028726 69.094604 -0.998006 0.050365 0.038029 21.510986 0.039414 0.026796 0.998864 -4.693450
0.048138 0.998416 -0.029122 69.128242 -0.998019 0.049261 0.039110 21.004061 0.040483 0.027182 0.998810 -4.666806
0.046809 0.998459 -0.029781 69.161690 -0.997989 0.048021 0.041359 20.504396 0.042726 0.027785 0.998700 -4.641063
0.045948 0.998520 -0.029116 69.194931 -0.997897 0.047214 0.044407 20.007673 0.045715 0.027015 0.998589 -4.615411
0.045443 0.998581 -0.027765 69.228310 -0.997842 0.046693 0.046159 19.512386 0.047390 0.025607 0.998548 -4.588755
0.045599 0.998624 -0.025896 69.261497 -0.997838 0.046760 0.046175 19.018349 0.047323 0.023734 0.998597 -4.561945
0.045995 0.998636 -0.024733 69.295677 -0.997870 0.047077 0.045131 18.517744 0.046233 0.022604 0.998674 -4.535514
0.046274 0.998661 -0.023142 69.327148 -0.997940 0.047246 0.043392 18.033133 0.044427 0.021087 0.998789 -4.509962
0.046391 0.998708 -0.020754 69.358467 -0.997992 0.047234 0.042172 17.554958 0.043099 0.018755 0.998894 -4.484546
0.046680 0.998752 -0.017771 69.389328 -0.997986 0.047395 0.042147 17.082752 0.042938 0.015768 0.998953 -4.459766
0.046557 0.998797 -0.015427 69.420166 -0.997980 0.047176 0.042518 16.613964 0.043195 0.013417 0.998976 -4.435583
0.045460 0.998877 -0.013299 69.450638 -0.998059 0.045982 0.041982 16.148888 0.042546 0.011364 0.999029 -4.411447
0.043438 0.998994 -0.011187 69.480362 -0.998175 0.043868 0.041488 15.687876 0.041937 0.009365 0.999076 -4.387925
0.040179 0.999158 -0.008316 69.509644 -0.998286 0.040495 0.042238 15.229280 0.042539 0.006604 0.999072 -4.366230
0.035226 0.999363 -0.005704 69.537964 -0.998426 0.035442 0.043466 14.774866 0.043641 0.004165 0.999038 -4.345025
0.029064 0.999572 -0.003503 69.564247 -0.998632 0.029189 0.043389 14.325294 0.043473 0.002238 0.999051 -4.322320
0.022877 0.999738 -0.000965 69.588150 -0.998845 0.022897 0.042234 13.884184 0.042244 -0.000001 0.999107 -4.298572
0.016971 0.999856 0.000710 69.609016 -0.998955 0.016925 0.042458 13.448813 0.042440 -0.001430 0.999097 -4.276793
0.010399 0.999944 0.002197 69.627419 -0.999008 0.010295 0.043308 13.025036 0.043283 -0.002645 0.999059 -4.255964
0.002802 0.999992 0.002958 69.643921 -0.999042 0.002671 0.043662 12.609468 0.043654 -0.003077 0.999041 -4.234664
-0.004811 0.999981 0.003904 69.657707 -0.999038 -0.004976 0.043554 12.207626 0.043572 -0.003690 0.999043 -4.213258
-0.011919 0.999919 0.004346 69.668861 -0.998974 -0.012097 0.043616 11.814817 0.043665 -0.003822 0.999039 -4.192598
-0.018836 0.999813 0.004549 69.677277 -0.998805 -0.019023 0.045018 11.429646 0.045096 -0.003695 0.998976 -4.173981
-0.026419 0.999637 0.005441 69.684570 -0.998547 -0.026644 0.046829 11.046831 0.046957 -0.004196 0.998888 -4.155915
-0.035282 0.999349 0.007609 69.675583 -0.998261 -0.035601 0.046975 10.694302 0.047214 -0.005938 0.998867 -4.142343
-0.045797 0.998900 0.010096 69.658379 -0.997869 -0.046214 0.046056 10.363307 0.046472 -0.007965 0.998887 -4.129944
-0.058999 0.998193 0.011439 69.638466 -0.997220 -0.059456 0.044922 10.034613 0.045520 -0.008756 0.998924 -4.115502
-0.073555 0.997231 0.010961 69.617958 -0.996298 -0.073968 0.043796 9.703813 0.044485 -0.007699 0.998980 -4.100533
-0.088712 0.996013 0.009411 69.596260 -0.995093 -0.089038 0.043136 9.375816 0.043802 -0.005538 0.999024 -4.086279
-0.103926 0.994553 0.007983 69.571167 -0.993622 -0.104176 0.043140 9.051030 0.043737 -0.003448 0.999037 -4.072230
-0.118729 0.992904 0.006624 69.542534 -0.991976 -0.118904 0.042939 8.730496 0.043422 -0.001473 0.999056 -4.057835
-0.133375 0.991048 0.006003 69.510628 -0.990145 -0.133509 0.042274 8.423553 0.042696 -0.000305 0.999088 -4.042214
-0.147985 0.988971 0.005978 69.475922 -0.988101 -0.148105 0.041469 8.121577 0.041897 0.000230 0.999122 -4.025702
-0.162159 0.986745 0.006159 69.438545 -0.985915 -0.162276 0.040466 7.826263 0.040929 0.000490 0.999162 -4.008265
-0.175727 0.984425 0.005347 69.397766 -0.983642 -0.175799 0.039276 7.539292 0.039604 0.001643 0.999214 -3.989712
-0.188509 0.982066 0.003363 69.354568 -0.981302 -0.188496 0.038932 7.259726 0.038867 0.004039 0.999236 -3.970565
-0.200220 0.979751 0.000914 69.309387 -0.978983 -0.200100 0.039400 6.991482 0.038784 0.006995 0.999223 -3.952182
-0.210632 0.977564 -0.001282 69.263924 -0.976792 -0.210414 0.040026 6.730835 0.038859 0.009684 0.999197 -3.934627
-0.219489 0.975610 -0.003073 69.218468 -0.974839 -0.219188 0.040558 6.483933 0.038894 0.011899 0.999172 -3.917958
-0.226423 0.974021 -0.003939 69.174110 -0.973249 -0.226078 0.040923 6.247995 0.038969 0.013101 0.999154 -3.902386
-0.231435 0.972840 -0.004456 69.131439 -0.972068 -0.231063 0.041137 6.027279 0.038990 0.013853 0.999143 -3.888248
-0.234480 0.972109 -0.004821 69.090034 -0.971335 -0.234088 0.041352 5.821357 0.039070 0.014380 0.999133 -3.875583
-0.235844 0.971775 -0.005466 69.051147 -0.970996 -0.235419 0.041742 5.629208 0.039277 0.015153 0.999113 -3.864077
-0.235633 0.971827 -0.005319 69.015480 -0.970998 -0.235196 0.042945 5.451167 0.040485 0.015284 0.999063 -3.853873
-0.233640 0.972314 -0.004251 68.982651 -0.971369 -0.233214 0.045298 5.280190 0.043053 0.014713 0.998964 -3.845371
-0.229747 0.973245 -0.003327 68.950508 -0.972175 -0.229332 0.047776 5.114762 0.045735 0.014212 0.998852 -3.837399
-0.224141 0.974550 -0.003662 68.919754 -0.973415 -0.223694 0.049225 4.953110 0.047153 0.014598 0.998780 -3.828988
-0.216731 0.976223 -0.004188 68.890541 -0.975075 -0.216263 0.049578 4.795506 0.047493 0.014828 0.998761 -3.820062
-0.207626 0.978196 -0.004813 68.864380 -0.977052 -0.207138 0.049618 4.640601 0.047539 0.015005 0.998757 -3.811006
-0.196737 0.980442 -0.005409 68.839760 -0.979317 -0.196240 0.049265 4.489127 0.047240 0.014989 0.998771 -3.801686
-0.183739 0.982955 -0.006310 68.818283 -0.981864 -0.183221 0.048718 4.339767 0.046731 0.015148 0.998792 -3.792390
-0.168682 0.985644 -0.007198 68.798904 -0.984570 -0.168145 0.048457 4.193206 0.046551 0.015262 0.998799 -3.783569
-0.152082 0.988343 -0.007034 68.783440 -0.987244 -0.151566 0.048744 4.047612 0.047110 0.014357 0.998786 -3.775632
-0.133554 0.991021 -0.006470 68.765511 -0.989853 -0.133071 0.049830 3.889586 0.048521 0.013059 0.998736 -3.768212
-0.112237 0.993664 -0.005927 68.748161 -0.992351 -0.111777 0.052377 3.727067 0.051384 0.011761 0.998610 -3.761541
-0.088482 0.996061 -0.005729 68.732048 -0.994582 -0.088032 0.055286 3.558338 0.054564 0.010590 0.998454 -3.754080
-0.061230 0.998100 -0.006860 68.716904 -0.996523 -0.060741 0.057026 3.382389 0.056501 0.010328 0.998349 -3.745481
-0.029832 0.999521 -0.008162 68.703911 -0.997938 -0.029319 0.057093 3.199251 0.056827 0.009849 0.998335 -3.735952
0.005171 0.999945 -0.009111 68.700523 -0.998408 0.005675 0.056115 3.007150 0.056164 0.008808 0.998383 -3.725613
0.043419 0.999021 -0.008448 68.706207 -0.997590 0.043812 0.053800 2.799324 0.054119 0.006092 0.998515 -3.713320
0.084536 0.996394 -0.007342 68.720123 -0.995160 0.084797 0.049658 2.578893 0.050102 0.003108 0.998739 -3.699738
0.127695 0.991792 -0.006599 68.742470 -0.990741 0.127864 0.045618 2.347824 0.046088 0.000712 0.998936 -3.685668
0.172347 0.985008 -0.007524 68.774025 -0.984053 0.172511 0.043351 2.109305 0.043999 -0.000067 0.999032 -3.671359
0.218026 0.975897 -0.009441 68.815254 -0.975064 0.218230 0.040334 1.864430 0.041423 0.000411 0.999141 -3.655899
0.263874 0.964500 -0.010444 68.867798 -0.963820 0.264081 0.036197 1.615676 0.037670 0.000515 0.999290 -3.639966
0.309696 0.950784 -0.009948 68.932358 -0.950247 0.309856 0.031935 1.365772 0.033445 -0.000438 0.999440 -3.623984
0.355330 0.934722 -0.005852 69.005363 -0.934318 0.355352 0.027819 1.123511 0.028082 -0.004417 0.999596 -3.608809
0.400509 0.916293 -0.000919 69.086090 -0.916007 0.400409 0.024550 0.881743 0.022864 -0.008990 0.999698 -3.594280
0.445622 0.895221 0.000051 69.172012 -0.895014 0.445518 0.021489 0.639529 0.019215 -0.009622 0.999769 -3.581788
0.491140 0.871076 -0.002948 69.264381 -0.870903 0.491105 0.018542 0.397317 0.017599 -0.006539 0.999823 -3.570710
0.536229 0.844058 -0.004951 69.371780 -0.843897 0.536227 0.017265 0.149955 0.017227 -0.005079 0.999838 -3.559376
0.580565 0.814195 -0.005580 69.497116 -0.814030 0.580566 0.017226 -0.095493 0.017264 -0.005459 0.999835 -3.548097
0.623423 0.781876 -0.003761 69.630653 -0.781723 0.623386 0.017267 -0.332127 0.015845 -0.007825 0.999843 -3.534773
0.664149 0.747592 -0.003492 69.772751 -0.747470 0.664113 0.015521 -0.567253 0.013923 -0.007698 0.999873 -3.522780
0.702812 0.711356 -0.005288 69.931084 -0.711250 0.702808 0.013510 -0.805234 0.013327 -0.005733 0.999895 -3.512882
0.738995 0.673645 -0.009412 70.106499 -0.673559 0.739053 0.010899 -1.039974 0.014298 -0.001715 0.999895 -3.506648
0.772164 0.635304 -0.012267 70.298706 -0.635235 0.772262 0.009385 -1.270093 0.015436 0.000545 0.999881 -3.501507
0.801996 0.597224 -0.011296 70.508797 -0.597134 0.802073 0.010476 -1.492302 0.015316 -0.001657 0.999880 -3.495063
0.829011 0.559208 -0.005235 70.735962 -0.559094 0.828978 0.014427 -1.706391 0.012409 -0.009033 0.999882 -3.485555
0.853417 0.521228 -0.000717 70.977692 -0.521149 0.853311 0.016166 -1.915750 0.009038 -0.013422 0.999869 -3.475736
0.875323 0.483537 0.001256 71.232132 -0.483497 0.875212 0.015276 -2.120757 0.006287 -0.013979 0.999882 -3.466733
0.895101 0.445859 0.002122 71.499634 -0.445849 0.895022 0.012318 -2.319880 0.003593 -0.011972 0.999921 -3.457335
0.913212 0.407469 0.003585 71.779747 -0.407484 0.913173 0.008375 -2.511944 0.000139 -0.009109 0.999958 -3.446832
0.929698 0.368273 0.006107 72.072540 -0.368304 0.929690 0.005349 -2.695296 -0.003707 -0.007222 0.999966 -3.436407
0.943968 0.329920 0.008717 72.379272 -0.329971 0.943975 0.005293 -2.867640 -0.006481 -0.007873 0.999947 -3.429315
0.955646 0.294336 0.010379 72.699188 -0.294419 0.955644 0.007791 -3.028675 -0.007625 -0.010501 0.999916 -3.426284
0.964858 0.262523 0.011463 73.032310 -0.262645 0.964830 0.010961 -3.180700 -0.008182 -0.013587 0.999873 -3.424618
0.971771 0.235580 0.012824 73.412537 -0.235750 0.971712 0.014015 -3.324268 -0.009159 -0.016643 0.999819 -3.423714
0.976726 0.213999 0.014536 73.777046 -0.214230 0.976638 0.016840 -3.458888 -0.010592 -0.019562 0.999752 -3.420676
0.980276 0.196987 0.016014 74.152443 -0.197281 0.980154 0.019458 -3.587468 -0.011864 -0.022233 0.999682 -3.417600
0.982833 0.183698 0.017137 74.536926 -0.184047 0.982677 0.021711 -3.711362 -0.012852 -0.024493 0.999617 -3.415196
0.984623 0.173761 0.018012 74.928886 -0.174155 0.984441 0.023306 -3.831530 -0.013682 -0.026085 0.999566 -3.413709
0.985828 0.166703 0.018794 75.327644 -0.167135 0.985631 0.024423 -3.949244 -0.014452 -0.027218 0.999524 -3.412634
0.986604 0.161964 0.019546 75.732178 -0.162438 0.986383 0.025737 -4.064495 -0.015112 -0.028566 0.999477 -3.411572
0.987070 0.159065 0.019819 76.141739 -0.159568 0.986812 0.027164 -4.177814 -0.015237 -0.029976 0.999434 -3.410083
0.987371 0.157215 0.019551 76.555412 -0.157720 0.987091 0.027830 -4.290932 -0.014922 -0.030563 0.999421 -3.408493
0.987680 0.155317 0.019096 76.972145 -0.155795 0.987424 0.026863 -4.404594 -0.014684 -0.029507 0.999456 -3.407301
0.987998 0.153371 0.018362 77.425224 -0.153791 0.987805 0.024257 -4.514491 -0.014418 -0.026789 0.999537 -3.407403
0.988319 0.151415 0.017299 77.885010 -0.151782 0.988161 0.022320 -4.622453 -0.013714 -0.024686 0.999601 -3.407811
0.988545 0.149905 0.017531 78.418800 -0.150229 0.988469 0.018925 -4.703131 -0.014492 -0.021343 0.999667 -3.414967
0.988747 0.148454 0.018439 78.975327 -0.148733 0.988766 0.014843 -4.774335 -0.016028 -0.017419 0.999720 -3.418418
0.988960 0.147198 0.017054 79.508667 -0.147481 0.988922 0.016765 -4.838082 -0.014397 -0.019094 0.999714 -3.425609
0.989164 0.146035 0.015081 80.035355 -0.146313 0.989048 0.019387 -4.894961 -0.012085 -0.021384 0.999698 -3.434473
0.989218 0.145800 0.013836 80.563179 -0.146079 0.989027 0.022023 -4.950716 -0.010473 -0.023807 0.999661 -3.441353
0.989379 0.144828 0.012421 81.080132 -0.145037 0.989261 0.018070 -5.032338 -0.009671 -0.019680 0.999759 -3.445851
0.989524 0.144029 0.009970 81.595520 -0.144152 0.989469 0.013025 -5.116220 -0.007990 -0.014326 0.999865 -3.451069
0.989387 0.144924 0.010474 82.110786 -0.145040 0.989361 0.011343 -5.195715 -0.008719 -0.012742 0.999880 -3.453941
0.989194 0.146032 0.012985 82.624046 -0.146218 0.989142 0.014755 -5.273695 -0.010689 -0.016494 0.999806 -3.456221
0.989117 0.146342 0.015235 83.136543 -0.146602 0.989038 0.017621 -5.353105 -0.012489 -0.019662 0.999728 -3.459085
0.989061 0.146603 0.016274 83.652710 -0.146891 0.988982 0.018296 -5.435947 -0.013412 -0.020487 0.999700 -3.461621
0.988981 0.147062 0.016979 84.170311 -0.147352 0.988931 0.017350 -5.521080 -0.014240 -0.019661 0.999705 -3.463423
0.988918 0.147437 0.017387 84.685944 -0.147729 0.988883 0.016944 -5.604256 -0.014695 -0.019326 0.999705 -3.465460
0.988815 0.148131 0.017382 85.200829 -0.148432 0.988768 0.017499 -5.685734 -0.014594 -0.019883 0.999696 -3.467437
0.988653 0.149199 0.017426 85.713242 -0.149513 0.988587 0.018427 -5.763774 -0.014478 -0.020824 0.999678 -3.469543
0.988423 0.150705 0.017499 86.225197 -0.151021 0.988359 0.018426 -5.842025 -0.014518 -0.020855 0.999677 -3.471263
0.988184 0.152325 0.017022 86.723511 -0.152611 0.988138 0.017051 -5.922359 -0.014223 -0.019447 0.999709 -3.475319
0.987940 0.153971 0.016403 87.220459 -0.154226 0.987913 0.015575 -6.002525 -0.013807 -0.017917 0.999744 -3.478942
0.987609 0.156075 0.016442 87.715988 -0.156323 0.987590 0.015097 -6.082165 -0.013882 -0.017481 0.999750 -3.482131
0.987239 0.158334 0.016982 88.210075 -0.158598 0.987221 0.015504 -6.162001 -0.014310 -0.017999 0.999735 -3.485370
0.986922 0.160298 0.017022 88.702469 -0.160554 0.986912 0.015046 -6.242712 -0.014388 -0.017582 0.999741 -3.488888
0.986623 0.162162 0.016671 89.193398 -0.162388 0.986637 0.013280 -6.324116 -0.014295 -0.015810 0.999772 -3.492350
0.986321 0.164046 0.016123 89.683350 -0.164235 0.986356 0.011296 -6.405755 -0.014049 -0.013790 0.999806 -3.495844
0.986066 0.165657 0.015260 90.173355 -0.165821 0.986102 0.010218 -6.487480 -0.013355 -0.012607 0.999831 -3.499838
0.985863 0.167064 0.012832 90.666565 -0.167195 0.985872 0.010038 -6.569734 -0.010973 -0.012041 0.999866 -3.505196
0.985671 0.168382 0.010017 91.163979 -0.168478 0.985657 0.009736 -6.652898 -0.008233 -0.011284 0.999902 -3.510047
0.985603 0.168874 0.008301 91.665497 -0.168946 0.985585 0.008946 -6.737524 -0.006670 -0.010219 0.999925 -3.514052
0.985633 0.168722 0.007722 92.170723 -0.168781 0.985621 0.007879 -6.822756 -0.006282 -0.009070 0.999938 -3.517441
0.985660 0.168555 0.007914 92.680740 -0.168606 0.985663 0.006213 -6.908670 -0.006752 -0.007458 0.999949 -3.520543
0.985742 0.168061 0.008192 93.192268 -0.168103 0.985758 0.004770 -6.991371 -0.007274 -0.006080 0.999954 -3.521064
0.985971 0.166720 0.008007 93.715103 -0.166750 0.985994 0.003081 -7.078634 -0.007381 -0.004373 0.999963 -3.523532
0.986367 0.164370 0.007855 94.242805 -0.164393 0.986392 0.002337 -7.163042 -0.007364 -0.003598 0.999966 -3.524012
0.986827 0.161545 0.008641 94.782700 -0.161572 0.986857 0.002451 -7.246726 -0.008131 -0.003815 0.999959 -3.524272
0.987379 0.158064 0.009922 95.327980 -0.158093 0.987421 0.002247 -7.332475 -0.009442 -0.003788 0.999947 -3.526676
0.988048 0.153761 0.010862 95.881172 -0.153790 0.988101 0.001856 -7.415817 -0.010447 -0.003505 0.999939 -3.526969
0.988758 0.149039 0.011985 96.440598 -0.149072 0.988824 0.001964 -7.497000 -0.011559 -0.003728 0.999926 -3.526616
0.989474 0.144139 0.012838 96.994705 -0.144175 0.989550 0.001969 -7.577139 -0.012420 -0.003800 0.999915 -3.527750
0.990216 0.139007 0.012192 97.548904 -0.139047 0.990282 0.002597 -7.655592 -0.011712 -0.004267 0.999922 -3.530445
0.990965 0.133733 0.010221 98.102028 -0.133774 0.991005 0.003504 -7.732437 -0.009661 -0.004839 0.999941 -3.533902
0.991666 0.128531 0.008773 98.655952 -0.128581 0.991684 0.005390 -7.807132 -0.008006 -0.006474 0.999947 -3.536651
0.992292 0.123688 0.007676 99.209869 -0.123748 0.992283 0.007804 -7.879545 -0.006651 -0.008695 0.999940 -3.538620
0.992885 0.118852 0.007343 99.762878 -0.118922 0.992853 0.010021 -7.950970 -0.006099 -0.010823 0.999922 -3.539900
0.993389 0.114527 0.007825 100.316490 -0.114606 0.993354 0.010581 -8.021738 -0.006562 -0.011408 0.999913 -3.540303
0.993782 0.110984 0.008989 100.869896 -0.111073 0.993760 0.010165 -8.091427 -0.007804 -0.011099 0.999907 -3.540468
0.994057 0.108316 0.010893 101.422241 -0.108424 0.994055 0.009951 -8.159412 -0.009750 -0.011073 0.999890 -3.539796
0.994225 0.106525 0.013024 101.973793 -0.106671 0.994233 0.011058 -8.226038 -0.011770 -0.012384 0.999853 -3.539640
0.994316 0.105525 0.014127 102.524292 -0.105714 0.994306 0.013434 -8.291718 -0.012629 -0.014851 0.999809 -3.540417
0.994287 0.105694 0.014875 103.073845 -0.105917 0.994259 0.015148 -8.357235 -0.013188 -0.016637 0.999774 -3.541769
0.994138 0.107022 0.015345 103.621605 -0.107272 0.994092 0.016513 -8.422935 -0.013487 -0.018063 0.999745 -3.543769
0.993882 0.109352 0.015528 104.168221 -0.109614 0.993826 0.017183 -8.489299 -0.013553 -0.018780 0.999731 -3.546384
0.993579 0.112015 0.015950 104.712502 -0.112287 0.993523 0.017367 -8.555889 -0.013902 -0.019047 0.999721 -3.548153
0.993206 0.115069 0.017383 105.253937 -0.115383 0.993153 0.018283 -8.622012 -0.015160 -0.020164 0.999681 -3.549322
0.992754 0.118665 0.018909 105.793007 -0.119038 0.992688 0.019959 -8.688402 -0.016402 -0.022066 0.999622 -3.550913
0.992237 0.122728 0.020108 106.328827 -0.123154 0.992154 0.021520 -8.755480 -0.017310 -0.023830 0.999566 -3.552926
0.991621 0.127487 0.020855 106.860992 -0.127948 0.991525 0.022529 -8.823150 -0.017805 -0.025009 0.999528 -3.555151
0.990816 0.133687 0.020286 107.367691 -0.134156 0.990673 0.023849 -8.871068 -0.016908 -0.026351 0.999510 -3.566261
0.989988 0.139680 0.020332 107.859276 -0.140153 0.989836 0.024130 -8.918153 -0.016755 -0.026737 0.999502 -3.581363
0.989074 0.145985 0.020504 108.345139 -0.146435 0.988964 0.022469 -8.964925 -0.016997 -0.025226 0.999537 -3.592686
0.987873 0.153870 0.020747 108.808975 -0.154286 0.987819 0.020212 -9.017018 -0.017384 -0.023168 0.999580 -3.593262
0.986854 0.160432 0.019495 109.262169 -0.160809 0.986791 0.019575 -9.073039 -0.016096 -0.022451 0.999617 -3.589953
0.985779 0.167430 0.014346 109.712196 -0.167687 0.985655 0.019096 -9.133198 -0.010944 -0.021230 0.999715 -3.587619
0.984645 0.174326 0.009248 110.166801 -0.174477 0.984469 0.019430 -9.211885 -0.005717 -0.020745 0.999768 -3.590796
0.983480 0.181010 0.001858 110.618874 -0.181012 0.983285 0.019578 -9.296252 0.001718 -0.019591 0.999806 -3.596336
0.982424 0.186447 -0.009066 111.049309 -0.186228 0.982286 0.020825 -9.380979 0.012788 -0.018770 0.999741 -3.607564
0.981151 0.192252 -0.019551 111.477493 -0.191815 0.981180 0.022181 -9.466562 0.023447 -0.018013 0.999563 -3.619243
0.979868 0.197738 -0.027527 111.902603 -0.197126 0.980098 0.023437 -9.552060 0.031614 -0.017538 0.999346 -3.625777
0.978794 0.202829 -0.028671 112.326332 -0.202242 0.979085 0.022094 -9.639697 0.032554 -0.015826 0.999344 -3.628061
0.977891 0.207028 -0.029480 112.746513 -0.206533 0.978256 0.018942 -9.728156 0.032761 -0.012434 0.999386 -3.633550
0.977003 0.211490 -0.027138 113.165497 -0.211090 0.977320 0.016902 -9.814990 0.030097 -0.010785 0.999488 -3.636239
0.976183 0.216056 -0.019682 113.582077 -0.215736 0.976301 0.017145 -9.900936 0.022921 -0.012491 0.999658 -3.633765
0.975327 0.220518 -0.010405 113.998009 -0.220319 0.975272 0.017424 -9.983347 0.013990 -0.014702 0.999794 -3.622131
0.974406 0.224769 -0.003370 114.406075 -0.224680 0.974277 0.017390 -10.070074 0.007192 -0.016189 0.999843 -3.619673
0.973395 0.229127 0.001353 114.812248 -0.229119 0.973263 0.016210 -10.154177 0.002398 -0.016089 0.999868 -3.609578
0.972299 0.233716 0.003458 115.213898 -0.233741 0.972187 0.014740 -10.239102 0.000083 -0.015140 0.999885 -3.601181
0.970870 0.239590 0.002647 115.611412 -0.239604 0.970784 0.012983 -10.325577 0.000542 -0.013239 0.999912 -3.597191
0.969224 0.246177 0.001548 115.996231 -0.246172 0.969117 0.014530 -10.412312 0.002077 -0.014464 0.999893 -3.596978
0.967520 0.252789 0.001819 116.372940 -0.252788 0.967412 0.014516 -10.501475 0.001910 -0.014504 0.999893 -3.587189
0.965884 0.258953 0.003301 116.737946 -0.258974 0.965797 0.012913 -10.575247 0.000156 -0.013327 0.999911 -3.517681
0.964165 0.265250 0.005420 117.105988 -0.265298 0.964084 0.012593 -10.659448 -0.001885 -0.013579 0.999906 -3.488568
0.962386 0.271531 0.009155 117.485123 -0.271643 0.962287 0.014597 -10.753051 -0.004846 -0.016535 0.999851 -3.484721
0.960722 0.277150 0.014170 117.861755 -0.277343 0.960668 0.014045 -10.849820 -0.009721 -0.017424 0.999800 -3.478435
0.959154 0.282126 0.020710 118.235054 -0.282351 0.959270 0.008818 -10.953303 -0.017378 -0.014305 0.999747 -3.470713
0.957595 0.286811 0.027428 118.604713 -0.287009 0.957921 0.003514 -11.058490 -0.025266 -0.011237 0.999617 -3.467678
0.956210 0.290695 0.034031 118.973015 -0.290844 0.956770 -0.000571 -11.161075 -0.032725 -0.009352 0.999420 -3.468050
0.954993 0.293814 0.040759 119.333061 -0.293893 0.955829 -0.004153 -11.266535 -0.040179 -0.008012 0.999160 -3.466920
0.953716 0.297307 0.045100 119.688026 -0.297365 0.954747 -0.005586 -11.368943 -0.044720 -0.008084 0.998966 -3.465113
0.952725 0.300517 0.044766 120.034584 -0.300760 0.953698 -0.001367 -11.464391 -0.043104 -0.012162 0.998996 -3.467367
0.951974 0.303354 0.041502 120.363480 -0.303748 0.952746 0.003416 -11.555262 -0.038505 -0.015859 0.999132 -3.472698
0.951349 0.305888 0.036980 120.685562 -0.306265 0.951933 0.004899 -11.647264 -0.033704 -0.015987 0.999304 -3.480799
0.950920 0.307978 0.030010 121.001549 -0.308201 0.951316 0.002991 -11.738834 -0.027627 -0.012093 0.999545 -3.491135
0.951210 0.307739 0.022279 121.310410 -0.307825 0.951442 0.000482 -11.828923 -0.021048 -0.007317 0.999751 -3.501953
0.952630 0.303820 0.013772 121.607193 -0.303829 0.952725 -0.001488 -11.916143 -0.013573 -0.002767 0.999904 -3.516376
0.955190 0.295954 0.004894 121.895538 -0.295942 0.955201 -0.002995 -12.000086 -0.005561 0.001413 0.999983 -3.531045
0.958623 0.284670 -0.001910 122.179497 -0.284676 0.958614 -0.004361 -12.079600 0.000591 0.004724 0.999988 -3.542661
0.963013 0.269440 -0.002654 122.466393 -0.269450 0.963003 -0.004606 -12.154449 0.001315 0.005151 0.999985 -3.541867
0.968515 0.248954 0.001226 122.744041 -0.248946 0.968508 -0.004143 -12.223534 -0.002219 0.003707 0.999990 -3.540865
0.974627 0.223822 0.002585 123.015526 -0.223814 0.974627 -0.002991 -12.286213 -0.003188 0.002336 0.999991 -3.542560
0.980768 0.195173 0.000682 123.281464 -0.195171 0.980767 -0.002110 -12.341099 -0.001082 0.001935 0.999997 -3.547823
0.986601 0.163150 -0.000488 123.545357 -0.163151 0.986600 -0.001028 -12.387686 0.000314 0.001094 0.999999 -3.551131
0.991672 0.128789 -0.000363 123.806290 -0.128788 0.991672 -0.000242 -12.424074 0.000329 0.000287 1.000000 -3.551574
0.995761 0.091978 0.000343 124.074562 -0.091978 0.995761 0.000208 -12.458594 -0.000322 -0.000239 0.999999 -3.552151
0.998628 0.052354 0.001328 124.337883 -0.052354 0.998628 0.000457 -12.480465 -0.001303 -0.000526 0.999999 -3.551671
0.999942 0.010399 0.002648 124.610672 -0.010399 0.999946 0.000037 -12.501037 -0.002648 -0.000064 0.999996 -3.552999
0.999420 -0.033707 0.004799 124.880569 0.033708 0.999431 -0.000022 -12.505814 -0.004795 0.000183 0.999988 -3.553118
0.996881 -0.078577 0.007418 125.154572 0.078579 0.996907 0.000015 -12.497282 -0.007396 0.000569 0.999972 -3.552791
0.992277 -0.123533 0.011238 125.433052 0.123531 0.992340 0.000913 -12.474995 -0.011265 0.000482 0.999936 -3.550872
0.985572 -0.168628 0.014578 125.717331 0.168594 0.985679 0.003540 -12.450726 -0.014966 -0.001031 0.999887 -3.551317
0.976515 -0.214862 0.015908 126.002914 0.214771 0.976638 0.007222 -12.419951 -0.017088 -0.003636 0.999847 -3.553293
0.965056 -0.261545 0.016141 126.290588 0.261393 0.965170 0.010948 -12.368982 -0.018442 -0.006346 0.999810 -3.555847
0.951505 -0.307210 0.016154 126.581779 0.307016 0.951609 0.013412 -12.316022 -0.019492 -0.007803 0.999780 -3.559267
0.935693 -0.352423 0.016615 126.876801 0.352218 0.935811 0.014109 -12.243334 -0.020521 -0.007349 0.999762 -3.562263
0.917662 -0.396897 0.019220 127.176445 0.396705 0.917852 0.013093 -12.155851 -0.022838 -0.004390 0.999729 -3.563682
0.897582 -0.440307 0.021822 127.479546 0.440133 0.897845 0.012456 -12.052527 -0.025078 -0.001576 0.999684 -3.567055
0.875084 -0.483415 0.023204 127.784248 0.483217 0.875390 0.013881 -11.931979 -0.027022 -0.000935 0.999634 -3.573081
0.849980 -0.526331 0.022588 128.089310 0.526001 0.850268 0.019159 -11.792556 -0.029290 -0.004404 0.999561 -3.581028
0.822568 -0.568203 0.022968 128.396194 0.567771 0.822869 0.022848 -11.635881 -0.031881 -0.005753 0.999475 -3.589160
0.792980 -0.608689 0.026078 128.706345 0.608231 0.793402 0.023797 -11.463031 -0.035176 -0.003009 0.999376 -3.596165
0.761472 -0.647609 0.027605 129.015335 0.647133 0.761971 0.024880 -11.271369 -0.037147 -0.001081 0.999309 -3.605652
0.727413 -0.685678 0.026775 129.322388 0.685164 0.727904 0.026549 -11.059838 -0.037694 -0.000966 0.999288 -3.618419
0.691172 -0.722243 0.025437 129.626541 0.721704 0.691639 0.027878 -10.829098 -0.037727 -0.000910 0.999287 -3.632239
0.653277 -0.756699 0.025232 129.927948 0.756174 0.653763 0.028187 -10.578697 -0.037825 0.000665 0.999284 -3.644831
0.613763 -0.789136 0.023637 130.223648 0.788640 0.614216 0.028005 -10.309021 -0.036618 0.001453 0.999328 -3.658748
0.572684 -0.819520 0.020475 130.512131 0.819092 0.573047 0.026554 -10.019444 -0.033495 0.001565 0.999437 -3.675450
0.530582 -0.847438 0.018230 130.793198 0.847072 0.530890 0.024998 -9.709968 -0.030863 0.002179 0.999521 -3.693195
0.488178 -0.872524 0.019601 131.067566 0.872212 0.488542 0.023913 -9.381292 -0.030441 0.005422 0.999521 -3.709085
0.446834 -0.894353 0.021707 131.332611 0.894059 0.447280 0.024446 -9.033033 -0.031572 0.008484 0.999465 -3.723557
0.407974 -0.912753 0.020939 131.585388 0.912371 0.408435 0.027532 -8.664330 -0.033683 0.007871 0.999401 -3.737201
0.372113 -0.927999 0.018687 131.826263 0.927462 0.372542 0.032026 -8.276713 -0.036683 0.005414 0.999312 -3.750058
0.338986 -0.940636 0.017142 132.058350 0.940028 0.339389 0.034068 -7.873370 -0.037864 0.004565 0.999273 -3.765753
0.308806 -0.950976 0.016816 132.282303 0.950351 0.309220 0.034852 -7.454936 -0.038344 0.005219 0.999251 -3.783650
0.281609 -0.959354 0.018378 132.498383 0.958718 0.282106 0.035702 -7.021369 -0.039435 0.007565 0.999193 -3.802102
0.256519 -0.966306 0.021210 132.707031 0.965660 0.257159 0.036999 -6.574313 -0.041207 0.010991 0.999090 -3.820444
0.234069 -0.971945 0.023100 132.907059 0.971240 0.234834 0.039320 -6.112723 -0.043642 0.013232 0.998959 -3.838225
0.214360 -0.976474 0.023439 133.098358 0.975632 0.215201 0.042775 -5.637699 -0.046812 0.013698 0.998810 -3.856020
0.196805 -0.980163 0.023418 133.282822 0.979232 0.197692 0.044969 -5.150468 -0.048707 0.014081 0.998714 -3.876673
0.183088 -0.982802 0.024060 133.410065 0.981830 0.184039 0.046241 -4.514632 -0.049873 0.015156 0.998640 -3.907134
0.170799 -0.985015 0.023963 133.536926 0.983994 0.171775 0.047427 -3.856065 -0.050832 0.015479 0.998586 -3.935276
0.160321 -0.986776 0.023899 133.661636 0.985726 0.161317 0.048161 -3.189700 -0.051380 0.015836 0.998554 -3.963137
0.152601 -0.987991 0.024205 133.783493 0.986888 0.153642 0.049448 -2.516357 -0.052573 0.016341 0.998483 -3.991079
0.148541 -0.988584 0.025248 133.891830 0.987443 0.149660 0.050553 -1.821810 -0.053755 0.017422 0.998402 -4.031553
0.145576 -0.989020 0.025430 133.999252 0.987792 0.146740 0.052285 -1.121246 -0.055442 0.017507 0.998308 -4.072023
0.144866 -0.989125 0.025390 134.106445 0.987786 0.146062 0.054259 -0.416571 -0.057377 0.017219 0.998203 -4.112365
0.145616 -0.988989 0.026384 134.215134 0.987571 0.146898 0.055899 0.291914 -0.059160 0.017916 0.998087 -4.153799
0.146919 -0.988717 0.029225 134.325714 0.987320 0.148378 0.056403 1.004016 -0.060102 0.020568 0.997979 -4.196364
0.147897 -0.988448 0.033115 134.437912 0.987111 0.149601 0.056836 1.718767 -0.061134 0.024282 0.997834 -4.239254
0.148825 -0.988130 0.038089 134.550980 0.986952 0.150820 0.056367 2.436204 -0.061442 0.029203 0.997683 -4.282400
0.149601 -0.987947 0.039757 134.663528 0.986958 0.151626 0.054060 3.157120 -0.059436 0.031152 0.997745 -4.326077
0.150500 -0.987807 0.039824 134.776428 0.986996 0.152433 0.051010 3.881784 -0.056459 0.031630 0.997904 -4.371126
0.151343 -0.987659 0.040306 134.896240 0.987127 0.153143 0.046113 4.616251 -0.051716 0.032807 0.998123 -4.417040
0.152877 -0.987381 0.041318 135.018387 0.986973 0.154667 0.044284 5.360851 -0.050117 0.034008 0.998164 -4.458373
0.155170 -0.986997 0.041936 135.141754 0.986612 0.156987 0.044180 6.113074 -0.050189 0.034519 0.998143 -4.497667
0.157229 -0.986666 0.042062 135.267319 0.986256 0.159067 0.044664 6.871442 -0.050760 0.034462 0.998116 -4.535754
0.159035 -0.986417 0.041092 135.394180 0.985912 0.160862 0.045822 7.634352 -0.051810 0.033226 0.998103 -4.573900
0.160566 -0.986209 0.040140 135.522919 0.985621 0.162372 0.046753 8.403411 -0.052626 0.032055 0.998099 -4.613553
0.161962 -0.985946 0.040988 135.654419 0.985345 0.163836 0.047457 9.177398 -0.053506 0.032701 0.998032 -4.653280
0.163239 -0.985691 0.042012 135.788361 0.985094 0.165186 0.047985 9.956366 -0.054238 0.033552 0.997963 -4.693186
0.164636 -0.985478 0.041566 135.923035 0.984890 0.166539 0.047473 10.740334 -0.053707 0.033122 0.998007 -4.734347
0.165975 -0.985287 0.040764 136.059113 0.984711 0.167811 0.046727 11.529318 -0.052880 0.032385 0.998075 -4.776195
0.167051 -0.985081 0.041340 136.194885 0.984554 0.168897 0.046113 12.312697 -0.052408 0.032998 0.998080 -4.817863
0.167990 -0.984881 0.042303 136.334473 0.984378 0.169890 0.046227 13.109073 -0.052715 0.033876 0.998034 -4.858935
0.168640 -0.984723 0.043385 136.472626 0.984254 0.170597 0.046261 13.899968 -0.052955 0.034900 0.997986 -4.899249
0.168692 -0.984681 0.044117 136.614258 0.984226 0.170697 0.046496 14.703927 -0.053314 0.035578 0.997943 -4.940234
0.168365 -0.984702 0.044890 136.756912 0.984292 0.170400 0.046184 15.513141 -0.053128 0.036409 0.997923 -4.982553
0.167854 -0.984750 0.045753 136.900070 0.984391 0.169921 0.045824 16.326447 -0.052900 0.037347 0.997901 -5.024585
0.167237 -0.984844 0.045973 137.037537 0.984501 0.169312 0.045719 17.191849 -0.052811 0.037613 0.997896 -5.068405
0.166594 -0.984923 0.046605 137.175400 0.984587 0.168717 0.046065 18.079456 -0.053234 0.038213 0.997850 -5.112785
