1317042956.001627648
1317042956.105261568
1317042956.208889599
1317042956.312524031
1317042956.416030464
1317042956.519661055
1317042956.623294207
1317042956.726953983
1317042956.830558207
1317042956.934190336
1317042957.037817599
1317042957.141455104
1317042957.244958463
1317042957.348592639
1317042957.452097023
1317042957.555726591
1317042957.659360255
1317042957.762868736
1317042957.866370048
1317042957.969879040
1317042958.073261311
1317042958.176776703
1317042958.281725952
1317042958.383544319
1317042958.486926336
1317042958.590307584
1317042958.693564160
1317042958.796945151
1317042958.900326143
1317042959.003570431
1317042959.106953984
1317042959.210334207
1317042959.313726207
1317042959.417109248
1317042959.520488448
1317042959.623873535
1317042959.727256320
1317042959.830761215
1317042959.934145792
1317042960.037634559
1317042960.141141248
1317042960.244666367
1317042960.348169984
1317042960.451802368
1317042960.555451648
1317042960.659201792
1317042960.762819839
1317042960.866448639
1317042960.970085887
1317042961.073710592
1317042961.177458687
1317042961.281226752
1317042961.385001727
1317042961.488740095
1317042961.592495104
1317042961.696245504
1317042961.800001024
1317042961.903769087
1317042962.007512575
1317042962.111395328
1317042962.215153407
1317042962.318917887
1317042962.422672895
1317042962.526296576
1317042962.629934335
1317042962.733560832
1317042962.837196287
1317042962.940959744
1317042963.044585215
1317042963.148216575
1317042963.251855616
1317042963.355485439
1317042963.459106560
1317042963.562747136
1317042963.666374912
1317042963.770009088
1317042963.873635584
1317042963.977275392
1317042964.080784384
1317042964.184403711
1317042964.288048383
1317042964.391686912
1317042964.495308032
1317042964.598948096
1317042964.702568960
1317042964.806078720
1317042964.909704959
1317042965.013339647
1317042965.117106687
1317042965.220776191
1317042965.324359680
1317042965.427990271
1317042965.531634176
1317042965.635255040
1317042965.738889472
1317042965.842518783
1317042965.946147328
1317042966.049798656
1317042966.153419519
1317042966.257037824
1317042966.360670975
1317042966.464310015
1317042966.567950591
1317042966.671586303
1317042966.775091712
1317042966.878715136
1317042966.982340864
1317042967.085975296
1317042967.189604096
1317042967.293238016
1317042967.396869888
1317042967.500490496
1317042967.604125184
1317042967.707797760
1317042967.811531263
1317042967.915156224
1317042968.018786816
1317042968.122541311
1317042968.226174463
1317042968.329805055
1317042968.433433600
1317042968.537109248
1317042968.640692480
1317042968.744361471
1317042968.847956224
1317042968.951602431
1317042969.055225344
1317042969.158899200
1317042969.262361856
1317042969.365997055
1317042969.469635584
1317042969.573268479
1317042969.676898303
1317042969.780520704
1317042969.884032768
1317042969.987663103
1317042970.091289599
1317042970.194923263
1317042970.298565888
1317042970.402072576
1317042970.505690879
1317042970.609203199
1317042970.712839680
1317042970.816456960
1317042970.920107520
1317042971.023727104
1317042971.127353343
1317042971.230990079
1317042971.334622208
1317042971.438247679
1317042971.541890816
1317042971.645525248
1317042971.749154047
1317042971.852786944
1317042971.956289535
1317042972.059910399
1317042972.163418880
1317042972.267061247
1317042972.370568448
1317042972.474198272
1317042972.577829632
1317042972.681466624
1317042972.784968192
1317042972.888801792
1317042972.992358912
1317042973.095982079
1317042973.199614207
1317042973.303378688
1317042973.407009536
1317042973.510765823
1317042973.614398976
1317042973.718029311
1317042973.821662207
1317042973.925293568
1317042974.028913920
1317042974.132546048
1317042974.236303104
1317042974.339946239
1317042974.443576319
1317042974.547206144
1317042974.650963967
1317042974.754595584
1317042974.858228224
1317042974.961859584
1317042975.065357311
1317042975.168987647
1317042975.272628224
1317042975.376259839
1317042975.479891712
1317042975.583534335
1317042975.687029760
1317042975.790787584
1317042975.894307583
1317042975.997920256
1317042976.101551872
1317042976.205182975
1317042976.308825087
1317042976.412331007
1317042976.515961344
1317042976.619592959
1317042976.723220992
1317042976.826732287
1317042976.930362368
1317042977.033985279
1317042977.137492991
1317042977.241135616
1317042977.344764928
1317042977.448396288
1317042977.551901696
1317042977.655536640
1317042977.759166207
1317042977.862797824
1317042977.966296576
1317042978.069926144
1317042978.173557760
1317042978.277199360
1317042978.380829183
1317042978.484461312
1317042978.588096256
1317042978.691602176
1317042978.795231999
1317042978.898864639
1317042979.002483967
1317042979.106118143
1317042979.209751296
1317042979.313392895
1317042979.417156863
1317042979.520800000
1317042979.624573183
1317042979.728166143
1317042979.831921407
1317042979.935546880
1317042980.039178496
1317042980.142818047
1317042980.246575104
1317042980.350212351
1317042980.453964544
1317042980.557596671
1317042980.661256447
1317042980.764978687
1317042980.868611583
1317042980.972372992
1317042981.076004608
1317042981.179758079
1317042981.283398655
1317042981.387142912
1317042981.490820607
1317042981.594535168
1317042981.698176511
1317042981.801802752
1317042981.905558528
1317042982.009195775
1317042982.112938752
1317042982.216571391
1317042982.320210431
1317042982.423967999
1317042982.527597824
1317042982.631232256
1317042982.734863103
1317042982.838494719
1317042982.942124543
1317042983.045745663
1317042983.149401600
1317042983.253009664
1317042983.356641024
1317042983.460275456
1317042983.563779839
1317042983.667423232
1317042983.771052543
1317042983.874685184
1317042983.978182400
1317042984.081814015
1317042984.185322240
1317042984.288961791
1317042984.392596736
1317042984.496100351
1317042984.599731968
1317042984.703239935
1317042984.806870528
1317042984.910377472
1317042985.014005504
1317042985.117641471
1317042985.221145855
1317042985.324778496
1317042985.428284160
1317042985.531918336
1317042985.635446783
1317042985.739058688
1317042985.842685696
1317042985.946324224
1317042986.049950719
1317042986.153457664
1317042986.257088767
1317042986.360597760
1317042986.464101887
1317042986.567610880
1317042986.671116288
1317042986.774636032
1317042986.878127872
1317042986.981638144
1317042987.085135615
1317042987.188637952
1317042987.292157184
1317042987.395662848
1317042987.499294976
1317042987.602791423
1317042987.706422016
1317042987.809939455
1317042987.913569536
1317042988.017194240
1317042988.120826368
1317042988.224461823
1317042988.328089343
1317042988.431724031
1317042988.535352832
1317042988.638990335
1317042988.742628864
1317042988.846254080
1317042988.949887488
1317042989.053515519
1317042989.157281535
1317042989.260909567
1317042989.364539135
1317042989.468295168
1317042989.572054783
1317042989.675684608
1317042989.779438848
1317042989.883195136
1317042989.987066112
1317042990.090853888
1317042990.194585088
1317042990.298348287
1317042990.401978880
1317042990.505733888
1317042990.609367552
1317042990.712997632
1317042990.816756735
1317042990.920389375
1317042991.023894783
1317042991.127516159
1317042991.231157504
1317042991.334788863
1317042991.438421248
1317042991.541926656
1317042991.645557759
1317042991.749194752
1317042991.852817919
1317042991.956443392
1317042992.060076799
1317042992.163582208
1317042992.267225600
1317042992.370856447
1317042992.474363648
1317042992.577871360
1317042992.681378047
1317042992.784882432
1317042992.888389375
1317042992.991884544
1317042993.095408384
1317042993.198904575
1317042993.302404608
1317042993.405923839
1317042993.509549055
1317042993.612939007
1317042993.716437759
1317042993.819943424
1317042993.923334656
1317042994.026833920
1317042994.130338303
1317042994.233852159
1317042994.337482751
1317042994.440995583
1317042994.544627712
1317042994.648261120
1317042994.751879680
1317042994.855511040
1317042994.959027968
1317042995.062660352
1317042995.166148096
1317042995.269799423
1317042995.373320192
1317042995.476802816
1317042995.580315904
1317042995.683819008
1317042995.787331072
1317042995.890749696
1317042995.994204160
1317042996.097725951
1317042996.201224959
1317042996.304728576
1317042996.408244992
1317042996.511737856
1317042996.615374848
1317042996.718883327
1317042996.822512895
1317042996.926143744
1317042997.029810943
1317042997.133448448
1317042997.237065727
1317042997.340680448
1317042997.444304639
1317042997.547958272
1317042997.651693055
1317042997.755328767
1317042997.858959360
1317042997.962462207
1317042998.066098175
1317042998.169725184
1317042998.273362175
1317042998.376986367
1317042998.480617215
1317042998.584133887
1317042998.687887359
1317042998.791518719
1317042998.895161088
1317042998.998780672
1317042999.102288895
1317042999.205919743
1317042999.309555711
1317042999.413187839
1317042999.516814080
1317042999.620448768
1317042999.724070400
1317042999.827750143
1317042999.931349504
1317043000.034991871
1317043000.138601471
1317043000.242237952
1317043000.345878528
1317043000.449543167
1317043000.553139968
1317043000.656656640
1317043000.760277760
1317043000.863898112
1317043000.967530240
1317043001.071157247
1317043001.174670335
1317043001.278296576
1317043001.382060543
1317043001.485701632
1317043001.589327615
1317043001.692965632
1317043001.796709888
1317043001.900385536
1317043002.003998719
1317043002.107607551
1317043002.211236863
1317043002.314859007
1317043002.418506239
1317043002.522138880
1317043002.625771008
1317043002.729401088
1317043002.832907775
1317043002.936542463
1317043003.040173312
1317043003.145557504
1317043003.247420415
1317043003.350947327
1317043003.454567167
1317043003.558210559
1317043003.661715456
1317043003.765377280
1317043003.868972288
1317043003.972610303
1317043004.076233727
1317043004.179865599
1317043004.283625215
1317043004.387251200
1317043004.490893567
1317043004.594527999
1317043004.698159615
1317043004.801793023
1317043004.905434112
1317043005.009042432
1317043005.112551168
1317043005.216219135
1317043005.319811584
1317043005.423453440
1317043005.527079424
1317043005.630711296
1317043005.734355712
1317043005.838015744
1317043005.941614592
1317043006.045229824
1317043006.148861951
1317043006.252627455
1317043006.356260095
1317043006.459887872
1317043006.563519999
1317043006.667030271
1317043006.770661887
1317043006.874294016
1317043006.977792512
1317043007.081420799
1317043007.184931071
1317043007.288564991
1317043007.392248831
1317043007.495822336
1317043007.599454719
1317043007.703086335
1317043007.806727936
1317043007.910362880
1317043008.014104832
1317043008.117748480
1317043008.221379071
1317043008.325013247
1317043008.428630783
1317043008.532278783
1317043008.635897855
1317043008.739539200
1317043008.843211263
1317043008.946789887
1317043009.050328319
1317043009.153939456
1317043009.257559808
1317043009.361203455
1317043009.464823039
1317043009.568466688
1317043009.672087808
1317043009.775855104
1317043009.879480831
1317043009.983112448
1317043010.086739199
1317043010.190372351
1317043010.294003967
1317043010.397647616
1317043010.501282048
1317043010.604897280
1317043010.708529919
1317043010.812160767
1317043010.915800320
1317043011.019424768
1317043011.123055104
1317043011.226687744
1317043011.330347776
1317043011.433957376
1317043011.537597183
1317043011.641216767
1317043011.744847104
1317043011.848480256
1317043011.952123135
1317043012.055739135
1317043012.159249664
1317043012.262878720
1317043012.366511615
1317043012.470145279
1317043012.573660160
1317043012.677294848
1317043012.781036544
1317043012.884676351
1317043012.988313087
1317043013.091945215
1317043013.195562496
1317043013.299196416
1317043013.402954751
1317043013.506595072
1317043013.610227967
1317043013.713848831
1317043013.817481471
1317043013.921112319
1317043014.024746495
1317043014.128378623
1317043014.232008960
1317043014.335760383
1317043014.439394047
1317043014.542901759
1317043014.646533120
1317043014.750173439
1317043014.853800192
1317043014.957450751
1317043015.061058559
1317043015.164564992
1317043015.268216064
1317043015.371707647
1317043015.475340799
1317043015.578728447
1317043015.682226944
1317043015.785737472
1317043015.889239807
1317043015.992749568
1317043016.096251647
1317043016.199763711
1317043016.303275775
1317043016.406770944
1317043016.510285824
1317043016.613788671
1317043016.717167871
1317043016.820684288
1317043016.924190463
1317043017.027570431
1317043017.130948351
1317043017.234334975
1317043017.337604095
1317043017.440970495
1317043017.544231680
1317043017.647488000
1317043017.750871039
1317043017.854117887
1317043017.957505535
1317043018.060897791
1317043018.164135168
1317043018.267514368
1317043018.371027200
1317043018.474411263
1317043018.577790464
1317043018.681170944
1317043018.784551935
1317043018.888068095
1317043018.991565055
1317043019.095073280
1317043019.198578943
1317043019.302210815
1317043019.405846527
1317043019.509472000
1317043019.613230336
1317043019.716871167
1317043019.820513280
1317043019.924132608
1317043020.027757312
1317043020.131523584
1317043020.235155456
1317043020.338913791
1317043020.442660864
1317043020.546413567
1317043020.650307840
1317043020.754190591
1317043020.857937663
1317043020.961710079
1317043021.065451007
1317043021.169207295
1317043021.272972799
1317043021.376591359
1317043021.480227328
1317043021.583863296
1317043021.687502591
1317043021.791003904
1317043021.894633983
1317043021.998257408
1317043022.101894656
1317043022.205408255
1317043022.309041919
1317043022.412672512
1317043022.516170496
1317043022.619924736
1317043022.723559424
1317043022.827188479
1317043022.930832895
1317043023.034457599
1317043023.138094848
1317043023.241728255
1317043023.345350144
1317043023.448992511
1317043023.552609023
1317043023.656241920
1317043023.759880960
1317043023.863514879
1317043023.967149056
1317043024.070772223
1317043024.174401023
1317043024.278031872
1317043024.381662720
1317043024.485179904
1317043024.588813055
1317043024.692443647
1317043024.796064255
1317043024.899584000
1317043025.003203328
1317043025.106833152
1317043025.210343168
1317043025.313984768
1317043025.417602304
1317043025.521266943
1317043025.624742911
1317043025.728374784
1317043025.832014848
1317043025.935509504
1317043026.039145472
1317043026.142808320
1317043026.246407935
1317043026.350044160
1317043026.453670912
1317043026.557302015
1317043026.660809215
1317043026.764448256
1317043026.868068096
1317043026.971596543
1317043027.075229183
1317043027.178854144
1317043027.282478080
1317043027.386111744
1317043027.489787648
1317043027.593246975
1317043027.696877056
1317043027.800513023
1317043027.904294912
1317043028.007902464
1317043028.111411712
1317043028.215039488
1317043028.318676736
1317043028.422178816
1317043028.525879808
1317043028.629308672
1317043028.732943616
1317043028.836598016
1317043028.940101120
1317043029.043718656
1317043029.147236096
1317043029.250862847
1317043029.354491647
1317043029.458132223
1317043029.561748735
1317043029.665373184
1317043029.769008896
1317043029.872517119
1317043029.976144895
1317043030.079779072
1317043030.183422720
1317043030.287056127
1317043030.390561791
1317043030.494188799
1317043030.597814784
1317043030.701458175
1317043030.804964863
1317043030.908584447
1317043031.012101887
1317043031.115608320
1317043031.218991872
1317043031.322496000
1317043031.425867008
1317043031.529137152
1317043031.632516095
1317043031.735773184
1317043031.839143424
1317043031.942412799
1317043032.045657344
1317043032.149051904
1317043032.252300800
1317043032.355678463
1317043032.458952447
1317043032.562326527
1317043032.665699840
1317043032.769076992
1317043032.872585216
1317043032.975965183
1317043033.079474943
1317043033.182980608
1317043033.286494976
1317043033.390004223
1317043033.493509119
1317043033.597019904
1317043033.700646400
1317043033.804145408
1317043033.907776511
1317043034.011285248
1317043034.114923519
1317043034.218438144
1317043034.322062335
1317043034.425686527
1317043034.529327872
1317043034.632964608
1317043034.736715776
1317043034.840474368
1317043034.944229632
1317043035.047974656
1317043035.151734271
1317043035.255368191
1317043035.359132671
1317043035.462877439
1317043035.566642175
1317043035.670403840
1317043035.774156800
1317043035.877913088
1317043035.981535231
1317043036.085288960
1317043036.189047296
1317043036.292680960
1317043036.396328704
1317043036.500070912
1317043036.603708672
1317043036.707345151
1317043036.810971904
1317043036.914598656
1317043037.018226943
1317043037.121862399
1317043037.225485055
1317043037.329136384
1317043037.432632320
1317043037.536266495
1317043037.639897856
1317043037.743525632
1317043037.847156479
1317043037.950790656
1317043038.054302976
1317043038.157931775
1317043038.261437440
1317043038.365069823
1317043038.468711680
1317043038.572218367
1317043038.675841023
1317043038.779470080