-0.000000 0.000000 -0.240323 -1.035730
0.245585 -0.009648 0.003320 -1.032966
0.488820 -0.013218 0.243391 -1.030428
0.690160 -0.021901 0.429580 -1.024086
0.842644 -0.024210 0.564068 -1.025473
0.949639 -0.029979 0.669847 -1.015866
1.109058 -0.046215 0.814358 -1.011784
1.331232 -0.051019 0.968247 -1.003868
1.612306 -0.054365 1.133233 -0.999275
1.976347 -0.084020 1.317551 -0.992645
2.467905 -0.101713 1.535115 -0.977190
3.066967 -0.115010 1.819683 -0.967402
3.773193 -0.130576 2.385562 -0.645790
4.566211 -0.186699 3.676345 -0.544320
5.455476 -0.178649 4.786938 -0.641154
6.411237 -0.203369 5.680790 -0.640360
7.442594 -0.237252 6.648162 -0.650141
8.473522 -0.270330 7.671016 -0.679701
9.513925 -0.244086 8.732969 -0.679336
10.562840 -0.214512 9.795574 -0.681801
11.628290 -0.183386 10.854506 -0.681886
12.719040 -0.160758 11.919387 -0.671056
13.727540 -0.137230 12.953025 -0.662414
14.597760 -0.120709 13.915955 -0.645396
15.314150 -0.113914 14.765985 -0.629099
15.856320 -0.100505 15.503803 -0.618640
16.203140 -0.090403 15.868148 -0.617265
16.444660 -0.094224 16.923538 -0.730749
16.706100 -0.093195 17.979429 -0.817273
16.974860 -0.091622 17.670561 -0.691904
17.267030 -0.091561 17.944042 -0.689041
17.605110 -0.091536 18.247900 -0.685883
18.019370 -0.088169 18.609732 -0.685051
18.525430 -0.080625 19.019558 -0.680228
19.132850 -0.068505 19.576481 -0.664141
19.865250 -0.055806 20.269863 -0.657229
20.701030 -0.040991 21.102455 -0.650597
21.666850 -0.028937 22.065226 -0.638024
22.753540 -0.007665 23.138626 -0.609270
23.894800 0.024538 24.237438 -0.572473
25.061480 0.037682 25.354897 -0.546614
26.293220 0.039711 26.534954 -0.543344
27.507470 0.057087 27.758598 -0.539341
28.722580 0.068046 28.990742 -0.527084
29.921290 0.083115 30.215031 -0.517222
31.094870 0.093669 31.430338 -0.509759
32.249570 0.113194 32.628445 -0.510389
33.382020 0.130201 33.781464 -0.515850
34.553460 0.152168 34.940926 -0.514637
35.702380 0.172039 36.119667 -0.511422
36.871260 0.186480 37.317265 -0.524115
38.055260 0.220152 38.506374 -0.516612
39.227340 0.253088 39.684872 -0.501897
40.383130 0.254191 40.854259 -0.492771
41.523120 0.257454 42.025066 -0.497004
42.680080 0.262815 43.188244 -0.512695
43.761450 0.267891 44.361500 -0.540367
44.775470 0.310639 45.496559 -0.494978
45.785540 0.352127 46.620335 -0.505054
46.795450 0.386426 47.685692 -0.546699
47.814180 0.420194 48.717789 -0.567801
48.807560 0.436793 49.681999 -0.558324
49.776180 0.457038 50.618031 -0.550560
50.787610 0.454078 51.533962 -0.542222
51.670850 0.472040 52.430969 -0.541083
52.456520 0.505206 53.276638 -0.539403
53.215160 0.513079 54.054523 -0.517789
54.013930 0.501529 54.821239 -0.514384
54.774710 0.495187 55.579262 -0.530874
55.526690 0.486122 56.333111 -0.574953
56.271150 0.487717 57.088882 -0.609504
57.015330 0.486627 57.851231 -0.638772
57.754640 0.492699 58.608120 -0.655805
58.486420 0.496498 59.358704 -0.671672
59.241380 0.497157 60.102455 -0.687105
59.968680 0.497643 60.847694 -0.703296
60.695630 0.503025 61.594204 -0.718450
61.429030 0.508645 62.344513 -0.732402
62.162270 0.509395 63.100502 -0.748002
62.917560 0.515983 63.856052 -0.756985
63.658840 0.518924 64.612534 -0.766147
64.399010 0.525054 65.367607 -0.776175
65.143250 0.540498 66.112991 -0.776983
65.875910 0.557205 66.847977 -0.769579
66.606310 0.568433 67.577774 -0.773356
67.342330 0.583349 68.305115 -0.773876
68.113950 0.595153 69.037041 -0.767321
68.862190 0.616670 69.771095 -0.762285
69.616490 0.630820 70.510590 -0.759181
70.391990 0.641233 71.257721 -0.760638
71.169170 0.650317 72.016907 -0.764502
71.956430 0.671194 72.773582 -0.750368
72.788670 0.675447 73.576752 -0.783527
73.619350 0.697618 74.407219 -0.776277
74.478700 0.730518 75.504326 -0.652248
75.338870 0.741276 76.420815 -0.669541
76.176530 0.754308 77.305046 -0.916609
76.947950 0.748717 78.070190 -1.025266
77.679670 0.741517 78.787605 -1.043725
78.437910 0.733545 79.517044 -1.070851
79.144410 0.731388 80.250740 -1.103835
79.858460 0.723992 80.969505 -1.126698
80.571500 0.734351 81.593201 -1.097362
81.213530 0.750951 82.220337 -1.106143
81.687970 0.766017 82.738708 -1.076870
82.084150 0.768967 83.204544 -1.057776
82.370410 0.770266 83.566582 -1.049474
82.597390 0.770914 83.801910 -1.046340
82.805980 0.770321 83.991409 -1.043383
83.012280 0.769461 84.207916 -1.054547
83.226250 0.768728 84.394188 -1.048654
83.454000 0.768798 84.606239 -1.038921
83.663630 0.767787 84.816299 -1.031242
83.875870 0.768187 85.026321 -1.025769
84.076740 0.768109 85.214607 -1.035557
84.282550 0.766213 85.409660 -1.051454
84.522120 0.765355 85.624786 -1.054217
84.798000 0.763586 85.909119 -1.048180
85.116200 0.762905 86.236427 -1.038910
85.455580 0.763027 86.578880 -1.026117
85.842100 0.761478 86.956116 -1.002255
86.288070 0.762128 87.371475 -0.982839
86.780390 0.764309 87.823082 -0.973457
87.318060 0.767590 88.321404 -0.971065
87.927180 0.772622 88.868607 -0.970813
88.561310 0.780679 89.461258 -0.958109
89.231350 0.792879 90.106522 -0.916441
89.936430 0.799367 90.783180 -0.891233
90.662470 0.812047 91.526558 -0.923515
91.392090 0.820464 92.284103 -1.121236
92.120010 0.831005 93.067406 -1.140423
92.844910 0.844950 93.853722 -1.163247
93.542740 0.854912 94.620239 -1.165190
94.242210 0.859717 95.366264 -1.172897
94.933780 0.862334 96.089241 -1.183636
95.621230 0.866271 96.760376 -1.173581
96.301980 0.872929 97.407059 -1.169129
96.998050 0.870118 98.061531 -1.170664
97.760810 0.888763 98.745781 -1.172470
98.611440 0.907933 99.491943 -1.172708
99.488400 0.927852 100.293282 -1.172216
100.427200 0.949687 101.142548 -1.166499
101.429200 0.968030 102.067871 -1.157526
102.558200 0.991142 103.060333 -1.147102
103.733900 1.011726 104.079971 -1.141959
104.929800 1.039857 105.132301 -1.131841
106.197700 1.067479 106.380135 -1.128331
107.508800 1.094122 107.668358 -1.123517
108.893700 1.126832 108.983009 -1.115360
110.304700 1.153171 110.311600 -1.109139
111.737400 1.172404 111.639458 -1.106947
113.090900 1.199550 112.952148 -1.100702
114.438000 1.218193 114.270622 -1.108554
115.768200 1.227450 115.583870 -1.117027
117.031000 1.253608 116.883858 -1.118687
118.296800 1.279101 118.171829 -1.108385
119.536000 1.309507 119.455460 -1.101927
120.783300 1.331429 120.718811 -1.090221
121.935100 1.358732 121.946999 -1.076075
123.036700 1.380875 123.151070 -1.063830
124.066000 1.394087 124.327148 -1.057324
125.020000 1.406376 125.469002 -1.048239
125.882800 1.409668 126.576431 -1.041421
126.717100 1.409230 127.622215 -1.036179
127.478500 1.414579 128.609055 -1.026071
128.204500 1.420213 129.474075 -1.014697
128.916700 1.430428 130.147308 -1.026389
129.607400 1.444057 130.772766 -1.088605
130.233500 1.448592 131.324341 -1.055643
130.845900 1.447649 131.981064 -1.045867
131.455400 1.449580 132.627274 -1.030336
132.042100 1.454662 133.261734 -1.019769
133.030600 1.306997 133.898773 -1.021673
133.619300 1.315981 134.527878 -1.018765
134.186500 1.388540 135.151901 -1.017741
134.796400 1.240923 135.773758 -1.012124
135.393500 1.233468 136.384064 -1.003412
135.954200 1.260719 136.993149 -0.999032
136.466800 1.291597 137.569931 -0.985304
136.926900 1.360801 138.107178 -0.970117
137.373000 1.525462 138.596909 -0.949272
137.800300 1.757583 139.059723 -0.927379
138.192800 1.696794 139.517426 -0.909805
138.557500 1.691039 139.884537 -0.903031
138.930000 1.755263 140.275635 -0.894883
139.277200 1.810232 140.662415 -0.932008
139.636100 1.959080 141.006714 -0.943032
140.002600 2.002125 141.349258 -0.942005
140.366400 2.052853 141.687515 -0.933429
140.734900 2.019776 142.022888 -0.912361
141.064300 1.865168 142.367035 -0.873891
141.415100 1.833792 142.734451 -0.858257
141.763800 1.721225 143.118073 -0.861298
142.141100 1.611700 143.491791 -0.860983
142.508700 1.465223 143.836639 -0.872607
142.863300 1.376090 144.178955 -0.886355
143.237600 1.372546 144.520294 -0.897188
143.575600 1.304021 144.867844 -0.897207
143.933000 1.318423 145.222412 -0.891326
144.303100 1.360869 145.595947 -0.895144
144.697900 1.438194 145.989685 -0.897764
145.112700 1.602000 146.381454 -0.912226
145.525800 1.710876 146.768707 -0.918539
145.920600 1.817200 147.153076 -0.924160
146.204400 1.866360 147.500198 -0.929071
146.398100 1.895285 147.796860 -0.932623
146.464000 1.927270 147.868652 -0.931993
146.439800 1.977977 147.858856 -0.922994
146.419500 1.981163 147.851974 -0.918681
146.397100 2.035188 147.844879 -0.911254
146.381600 2.045235 147.830353 -0.898956
146.367000 2.078762 147.843155 -0.893944
146.349300 2.088321 147.815903 -0.873345
146.333600 2.084999 147.810944 -0.866113
146.325700 2.119035 147.809769 -0.859565
146.316200 2.176951 147.811813 -0.852353
146.309700 2.247459 147.814819 -0.850082
146.304300 2.307902 147.812988 -0.849176
146.289500 2.442353 147.810699 -0.853548
146.270600 2.606203 147.810364 -0.863472
146.247100 2.735848 147.809311 -0.873926
146.230100 2.824680 147.808395 -0.882044
146.213300 2.882704 147.804672 -0.893446
146.192900 2.942913 147.782913 -0.902052
146.173500 3.017989 147.784241 -0.917710
146.146700 3.089229 147.785599 -0.921449
146.125600 3.123408 147.788284 -0.925868
146.100100 3.160714 147.731613 -0.899442
146.074300 3.217728 147.642044 -0.861090
146.052300 3.263089 147.647552 -0.847779
146.029600 3.294371 147.652908 -0.847268
146.012700 3.326928 147.654602 -0.849380
145.997100 3.351276 147.638062 -0.844268
145.978700 3.389993 147.583679 -0.824085
145.965700 3.428022 147.574585 -0.823968
145.970400 3.465482 147.550888 -0.808838
146.027700 3.511865 147.575348 -0.792551
146.165800 3.553637 147.678024 -0.784011
146.474400 3.588844 147.943924 -0.810685
146.936800 3.644493 148.287033 -0.828616
147.526900 3.698360 148.616470 -0.787718
148.198200 3.767700 149.027710 -0.720062
148.872000 3.823926 149.498871 -0.666005
149.385500 3.900076 149.971634 -0.609812
149.730700 3.950512 150.418167 -0.590822
150.054600 3.988731 150.829681 -0.578160
150.386200 4.037143 151.217819 -0.570088
150.731500 4.087505 151.555817 -0.543869
151.170300 4.116111 151.986038 -0.544131
151.737500 4.162002 152.506042 -0.552206
152.440700 4.215734 153.080276 -0.560487
153.182400 4.290477 153.669434 -0.545518
153.923300 4.344334 154.275497 -0.548173
154.667500 4.392280 154.903442 -0.544903
155.429100 4.428329 155.560837 -0.522624
156.252200 4.465314 156.276367 -0.515124
157.158600 4.529495 157.035187 -0.475141
158.078500 4.581144 157.980759 -0.438817
159.076900 4.609212 158.952423 -0.423353
160.137900 4.639903 160.145706 -0.459003
161.255200 4.680858 161.681564 -0.532536
162.492000 4.722130 163.127151 -0.622608
163.766700 4.864071 164.437271 -0.459380
165.121900 4.949240 165.590607 -0.364057
166.525800 5.041749 166.991989 -0.330569
168.020600 5.153749 168.509628 -0.292335
169.641100 5.232841 170.072983 -0.261973
171.262600 5.298175 171.666260 -0.237732
172.943600 5.342941 173.287872 -0.223594
174.659500 5.388118 174.933548 -0.211206
176.387000 5.429504 176.598206 -0.190400
178.125500 5.466982 178.294006 -0.169707
179.922300 5.503937 180.005234 -0.155136
181.665200 5.566087 181.720047 -0.123013
183.408200 5.607601 183.464401 -0.106551
185.165600 5.652909 185.214752 -0.092170
186.934600 5.695624 186.969971 -0.081655
188.762700 5.746652 188.723953 -0.062896
190.526000 5.790553 190.476669 -0.049481
192.272900 5.833476 192.221008 -0.033199
194.010000 5.875263 193.950806 -0.020551
195.689200 5.912458 195.658035 -0.031761
197.245400 5.944931 197.260666 -0.041556
198.703400 5.986120 198.776794 -0.051810
200.044600 6.015908 200.260437 -0.070024
201.359800 6.049314 201.722687 -0.080445
202.651800 6.086014 203.074539 -0.097479
203.911600 6.122491 204.341461 -0.109003
205.142400 6.155772 205.573715 -0.105647
206.342800 6.195551 206.788086 -0.056288
207.561900 6.226879 207.990784 -0.011101
208.714300 6.264399 209.158081 -0.000655
209.839200 6.294984 210.312927 0.012242
210.952500 6.329715 211.461456 0.025388
212.056300 6.351777 212.597610 0.025944
213.166600 6.376863 213.742416 0.033400
214.285500 6.406580 214.887253 0.037988
215.437500 6.435575 215.976654 0.036970
216.541300 6.458849 217.070953 0.031787
217.651000 6.479872 218.168350 0.023597
218.768200 6.511207 219.261368 0.022759
219.879300 6.536486 220.353363 0.016143
220.933900 6.569207 221.414246 0.019212
221.833700 6.598832 222.322495 0.012548
222.561400 6.625233 223.026321 0.007537
223.125800 6.639403 223.572937 0.003482
223.560100 6.653279 224.050858 0.000654
223.953800 6.682321 224.426804 0.009751
224.302700 6.698828 224.781677 0.005028
224.645100 6.715028 225.104019 -0.001356
224.964400 6.721362 225.401688 -0.014540
225.251000 6.744054 225.629578 -0.000588
225.493900 6.760021 225.786636 -0.001139
225.681600 6.775949 225.915115 0.002571
225.806500 6.790010 225.975647 0.005830
225.895300 6.803062 226.035355 -0.000527
225.964500 6.815553 226.067841 0.012210
226.035400 6.827752 226.117737 0.017212
226.140200 6.842499 226.193130 0.010601
226.273700 6.857584 226.307693 0.018770
226.429100 6.873454 226.447205 0.012728
226.622800 6.888093 226.615875 -0.005511
226.856700 6.906598 226.822113 0.011995
227.111300 6.922474 227.050522 0.020826
227.410800 6.941214 227.313431 0.031273
227.721700 6.958870 227.602692 0.021790
228.051200 6.976044 227.907013 0.016373
228.331500 6.993459 228.177765 0.008973
228.474700 7.006185 228.296265 0.006884
228.489600 7.020207 228.290085 0.006916
228.516500 7.031817 228.292374 0.005440
228.542600 7.044849 228.293716 0.005872
228.569300 7.057313 228.294556 0.005801
228.554900 7.059726 228.294983 0.005462
228.502900 7.055772 228.295120 0.004315
228.435400 7.048610 228.295654 0.004200
228.379300 7.043622 228.297958 0.003202
228.327100 7.038647 228.298447 0.003754
228.287100 7.035563 228.296646 0.003981
228.255100 7.033549 228.295975 0.004373
228.236100 7.031228 228.296082 0.004249
228.230400 7.030754 228.296265 0.004574
228.239800 7.030818 228.296371 0.004357
228.250800 7.030651 228.295914 0.004583
228.262700 7.031413 228.295837 0.004760
228.277600 7.031747 228.295090 0.005286
228.284400 7.032618 228.294952 0.005555
228.303700 7.033936 228.294617 0.005900
228.119300 7.124060 228.294708 0.005894
227.638700 7.343230 228.297165 0.004228
227.426600 7.422723 228.317551 -0.000170
227.355400 7.472730 228.374619 -0.001197
227.420400 7.500202 228.466019 -0.001962
